,stem,img_file,label_file,is_test,class
0,AKK_ASTA_48,/aisscv/preprocessing/data/AKK_ASTA_48.jpg,/aisscv/preprocessing/data/AKK_ASTA_48.txt,True,AKK_ASTA
1,AKK_ASTA_44,/aisscv/preprocessing/data/AKK_ASTA_44.jpg,/aisscv/preprocessing/data/AKK_ASTA_44.txt,True,AKK_ASTA
2,AKK_ASTA_59,/aisscv/preprocessing/data/AKK_ASTA_59.jpg,/aisscv/preprocessing/data/AKK_ASTA_59.txt,True,AKK_ASTA
3,AKK_ASTA_39,/aisscv/preprocessing/data/AKK_ASTA_39.jpg,/aisscv/preprocessing/data/AKK_ASTA_39.txt,True,AKK_ASTA
4,AKK_ASTA_37,/aisscv/preprocessing/data/AKK_ASTA_37.jpg,/aisscv/preprocessing/data/AKK_ASTA_37.txt,True,AKK_ASTA
5,AKK_ASTA_42,/aisscv/preprocessing/data/AKK_ASTA_42.jpg,/aisscv/preprocessing/data/AKK_ASTA_42.txt,True,AKK_ASTA
6,AKK_ASTA_27,/aisscv/preprocessing/data/AKK_ASTA_27.jpg,/aisscv/preprocessing/data/AKK_ASTA_27.txt,True,AKK_ASTA
7,Alte_Bib_64,/aisscv/preprocessing/data/Alte_Bib_64.jpg,/aisscv/preprocessing/data/Alte_Bib_64.txt,True,Alte_Bib
8,Alte_Bib_59,/aisscv/preprocessing/data/Alte_Bib_59.jpg,/aisscv/preprocessing/data/Alte_Bib_59.txt,True,Alte_Bib
9,Alte_Bib_9,/aisscv/preprocessing/data/Alte_Bib_9.jpg,/aisscv/preprocessing/data/Alte_Bib_9.txt,True,Alte_Bib
10,Alte_Bib_39,/aisscv/preprocessing/data/Alte_Bib_39.jpg,/aisscv/preprocessing/data/Alte_Bib_39.txt,True,Alte_Bib
11,Alte_Bib_77,/aisscv/preprocessing/data/Alte_Bib_77.jpg,/aisscv/preprocessing/data/Alte_Bib_77.txt,True,Alte_Bib
12,Alte_Bib_16,/aisscv/preprocessing/data/Alte_Bib_16.jpg,/aisscv/preprocessing/data/Alte_Bib_16.txt,True,Alte_Bib
13,Alte_Bib_4,/aisscv/preprocessing/data/Alte_Bib_4.jpg,/aisscv/preprocessing/data/Alte_Bib_4.txt,True,Alte_Bib
14,Alte_Bib_71,/aisscv/preprocessing/data/Alte_Bib_71.jpg,/aisscv/preprocessing/data/Alte_Bib_71.txt,True,Alte_Bib
15,Alte_Bib_20,/aisscv/preprocessing/data/Alte_Bib_20.jpg,/aisscv/preprocessing/data/Alte_Bib_20.txt,True,Alte_Bib
16,Alte_Bib_22,/aisscv/preprocessing/data/Alte_Bib_22.jpg,/aisscv/preprocessing/data/Alte_Bib_22.txt,True,Alte_Bib
17,Audimax_28,/aisscv/preprocessing/data/Audimax_28.jpg,/aisscv/preprocessing/data/Audimax_28.txt,True,Audimax
18,Audimax_57,/aisscv/preprocessing/data/Audimax_57.jpg,/aisscv/preprocessing/data/Audimax_57.txt,True,Audimax
19,Audimax_23,/aisscv/preprocessing/data/Audimax_23.jpg,/aisscv/preprocessing/data/Audimax_23.txt,True,Audimax
20,Audimax_27,/aisscv/preprocessing/data/Audimax_27.jpg,/aisscv/preprocessing/data/Audimax_27.txt,True,Audimax
21,Audimax_10,/aisscv/preprocessing/data/Audimax_10.jpg,/aisscv/preprocessing/data/Audimax_10.txt,True,Audimax
22,Audimax_48,/aisscv/preprocessing/data/Audimax_48.jpg,/aisscv/preprocessing/data/Audimax_48.txt,True,Audimax
23,Gruenderschmiede_35,/aisscv/preprocessing/data/Gruenderschmiede_35.jpg,/aisscv/preprocessing/data/Gruenderschmiede_35.txt,True,Gruenderschmiede
24,Gruenderschmiede_52,/aisscv/preprocessing/data/Gruenderschmiede_52.jpg,/aisscv/preprocessing/data/Gruenderschmiede_52.txt,True,Gruenderschmiede
25,Gruenderschmiede_19,/aisscv/preprocessing/data/Gruenderschmiede_19.jpg,/aisscv/preprocessing/data/Gruenderschmiede_19.txt,True,Gruenderschmiede
26,Gruenderschmiede_49,/aisscv/preprocessing/data/Gruenderschmiede_49.jpg,/aisscv/preprocessing/data/Gruenderschmiede_49.txt,True,Gruenderschmiede
27,Gruenderschmiede_3,/aisscv/preprocessing/data/Gruenderschmiede_3.jpg,/aisscv/preprocessing/data/Gruenderschmiede_3.txt,True,Gruenderschmiede
28,Haber_Bosch_36,/aisscv/preprocessing/data/Haber_Bosch_36.jpg,/aisscv/preprocessing/data/Haber_Bosch_36.txt,True,Haber_Bosch
29,Haber_Bosch_45,/aisscv/preprocessing/data/Haber_Bosch_45.jpg,/aisscv/preprocessing/data/Haber_Bosch_45.txt,True,Haber_Bosch
30,Haber_Bosch_57,/aisscv/preprocessing/data/Haber_Bosch_57.jpg,/aisscv/preprocessing/data/Haber_Bosch_57.txt,True,Haber_Bosch
31,Haber_Bosch_64,/aisscv/preprocessing/data/Haber_Bosch_64.jpg,/aisscv/preprocessing/data/Haber_Bosch_64.txt,True,Haber_Bosch
32,Haber_Bosch_10,/aisscv/preprocessing/data/Haber_Bosch_10.jpg,/aisscv/preprocessing/data/Haber_Bosch_10.txt,True,Haber_Bosch
33,Haber_Bosch_27,/aisscv/preprocessing/data/Haber_Bosch_27.jpg,/aisscv/preprocessing/data/Haber_Bosch_27.txt,True,Haber_Bosch
34,Haber_Bosch_22,/aisscv/preprocessing/data/Haber_Bosch_22.jpg,/aisscv/preprocessing/data/Haber_Bosch_22.txt,True,Haber_Bosch
35,Kolben_29,/aisscv/preprocessing/data/Kolben_29.jpg,/aisscv/preprocessing/data/Kolben_29.txt,True,Kolben
36,Kolben_45,/aisscv/preprocessing/data/Kolben_45.jpg,/aisscv/preprocessing/data/Kolben_45.txt,True,Kolben
37,Kolben_46,/aisscv/preprocessing/data/Kolben_46.jpg,/aisscv/preprocessing/data/Kolben_46.txt,True,Kolben
38,Kolben_33,/aisscv/preprocessing/data/Kolben_33.jpg,/aisscv/preprocessing/data/Kolben_33.txt,True,Kolben
39,Kolben_65,/aisscv/preprocessing/data/Kolben_65.jpg,/aisscv/preprocessing/data/Kolben_65.txt,True,Kolben
40,Kolben_1,/aisscv/preprocessing/data/Kolben_1.jpg,/aisscv/preprocessing/data/Kolben_1.txt,True,Kolben
41,Kolben_64,/aisscv/preprocessing/data/Kolben_64.jpg,/aisscv/preprocessing/data/Kolben_64.txt,True,Kolben
42,Kopf_59,/aisscv/preprocessing/data/Kopf_59.jpg,/aisscv/preprocessing/data/Kopf_59.txt,True,Kopf
43,Kopf_41,/aisscv/preprocessing/data/Kopf_41.jpg,/aisscv/preprocessing/data/Kopf_41.txt,True,Kopf
44,Kopf_68,/aisscv/preprocessing/data/Kopf_68.jpg,/aisscv/preprocessing/data/Kopf_68.txt,True,Kopf
45,Kopf_26,/aisscv/preprocessing/data/Kopf_26.jpg,/aisscv/preprocessing/data/Kopf_26.txt,True,Kopf
46,Kopf_15,/aisscv/preprocessing/data/Kopf_15.jpg,/aisscv/preprocessing/data/Kopf_15.txt,True,Kopf
47,Kopf_51,/aisscv/preprocessing/data/Kopf_51.jpg,/aisscv/preprocessing/data/Kopf_51.txt,True,Kopf
48,Kopf_30,/aisscv/preprocessing/data/Kopf_30.jpg,/aisscv/preprocessing/data/Kopf_30.txt,True,Kopf
49,Kopf_83,/aisscv/preprocessing/data/Kopf_83.jpg,/aisscv/preprocessing/data/Kopf_83.txt,True,Kopf
50,Kopf_28,/aisscv/preprocessing/data/Kopf_28.jpg,/aisscv/preprocessing/data/Kopf_28.txt,True,Kopf
51,Kopf_40,/aisscv/preprocessing/data/Kopf_40.jpg,/aisscv/preprocessing/data/Kopf_40.txt,True,Kopf
52,Lernzentrum_5,/aisscv/preprocessing/data/Lernzentrum_5.jpg,/aisscv/preprocessing/data/Lernzentrum_5.txt,True,Lernzentrum
53,Lernzentrum_51,/aisscv/preprocessing/data/Lernzentrum_51.jpg,/aisscv/preprocessing/data/Lernzentrum_51.txt,True,Lernzentrum
54,Lernzentrum_49,/aisscv/preprocessing/data/Lernzentrum_49.jpg,/aisscv/preprocessing/data/Lernzentrum_49.txt,True,Lernzentrum
55,Lernzentrum_43,/aisscv/preprocessing/data/Lernzentrum_43.jpg,/aisscv/preprocessing/data/Lernzentrum_43.txt,True,Lernzentrum
56,Lernzentrum_34,/aisscv/preprocessing/data/Lernzentrum_34.jpg,/aisscv/preprocessing/data/Lernzentrum_34.txt,True,Lernzentrum
57,Lernzentrum_15,/aisscv/preprocessing/data/Lernzentrum_15.jpg,/aisscv/preprocessing/data/Lernzentrum_15.txt,True,Lernzentrum
58,Lernzentrum_75,/aisscv/preprocessing/data/Lernzentrum_75.jpg,/aisscv/preprocessing/data/Lernzentrum_75.txt,True,Lernzentrum
59,Lernzentrum_33,/aisscv/preprocessing/data/Lernzentrum_33.jpg,/aisscv/preprocessing/data/Lernzentrum_33.txt,True,Lernzentrum
60,Mathebau_24,/aisscv/preprocessing/data/Mathebau_24.jpg,/aisscv/preprocessing/data/Mathebau_24.txt,True,Mathebau
61,Mathebau_39,/aisscv/preprocessing/data/Mathebau_39.jpg,/aisscv/preprocessing/data/Mathebau_39.txt,True,Mathebau
62,Mathebau_28,/aisscv/preprocessing/data/Mathebau_28.jpg,/aisscv/preprocessing/data/Mathebau_28.txt,True,Mathebau
63,Mathebau_55,/aisscv/preprocessing/data/Mathebau_55.jpg,/aisscv/preprocessing/data/Mathebau_55.txt,True,Mathebau
64,Mathebau_8,/aisscv/preprocessing/data/Mathebau_8.jpg,/aisscv/preprocessing/data/Mathebau_8.txt,True,Mathebau
65,Mensa_86,/aisscv/preprocessing/data/Mensa_86.jpg,/aisscv/preprocessing/data/Mensa_86.txt,True,Mensa
66,Mensa_74,/aisscv/preprocessing/data/Mensa_74.jpg,/aisscv/preprocessing/data/Mensa_74.txt,True,Mensa
67,Mensa_43,/aisscv/preprocessing/data/Mensa_43.jpg,/aisscv/preprocessing/data/Mensa_43.txt,True,Mensa
68,Mensa_25,/aisscv/preprocessing/data/Mensa_25.jpg,/aisscv/preprocessing/data/Mensa_25.txt,True,Mensa
69,Mensa_47,/aisscv/preprocessing/data/Mensa_47.jpg,/aisscv/preprocessing/data/Mensa_47.txt,True,Mensa
70,Mensa_63,/aisscv/preprocessing/data/Mensa_63.jpg,/aisscv/preprocessing/data/Mensa_63.txt,True,Mensa
71,Mensa_20,/aisscv/preprocessing/data/Mensa_20.jpg,/aisscv/preprocessing/data/Mensa_20.txt,True,Mensa
72,Mensa_77,/aisscv/preprocessing/data/Mensa_77.jpg,/aisscv/preprocessing/data/Mensa_77.txt,True,Mensa
73,Mensa_8,/aisscv/preprocessing/data/Mensa_8.jpg,/aisscv/preprocessing/data/Mensa_8.txt,True,Mensa
74,Mensa_46,/aisscv/preprocessing/data/Mensa_46.jpg,/aisscv/preprocessing/data/Mensa_46.txt,True,Mensa
75,Neue_Bib_34,/aisscv/preprocessing/data/Neue_Bib_34.jpg,/aisscv/preprocessing/data/Neue_Bib_34.txt,True,Neue_Bib
76,Neue_Bib_27,/aisscv/preprocessing/data/Neue_Bib_27.jpg,/aisscv/preprocessing/data/Neue_Bib_27.txt,True,Neue_Bib
77,Neue_Bib_16,/aisscv/preprocessing/data/Neue_Bib_16.jpg,/aisscv/preprocessing/data/Neue_Bib_16.txt,True,Neue_Bib
78,Neue_Bib_22,/aisscv/preprocessing/data/Neue_Bib_22.jpg,/aisscv/preprocessing/data/Neue_Bib_22.txt,True,Neue_Bib
79,Soldat_13,/aisscv/preprocessing/data/Soldat_13.jpg,/aisscv/preprocessing/data/Soldat_13.txt,True,Soldat
80,Soldat_43,/aisscv/preprocessing/data/Soldat_43.jpg,/aisscv/preprocessing/data/Soldat_43.txt,True,Soldat
81,Soldat_29,/aisscv/preprocessing/data/Soldat_29.jpg,/aisscv/preprocessing/data/Soldat_29.txt,True,Soldat
82,Soldat_41,/aisscv/preprocessing/data/Soldat_41.jpg,/aisscv/preprocessing/data/Soldat_41.txt,True,Soldat
83,Soldat_24,/aisscv/preprocessing/data/Soldat_24.jpg,/aisscv/preprocessing/data/Soldat_24.txt,True,Soldat
84,Studierendenwerk_20,/aisscv/preprocessing/data/Studierendenwerk_20.jpg,/aisscv/preprocessing/data/Studierendenwerk_20.txt,True,Studierendenwerk
85,Studierendenwerk_2,/aisscv/preprocessing/data/Studierendenwerk_2.jpg,/aisscv/preprocessing/data/Studierendenwerk_2.txt,True,Studierendenwerk
86,Studierendenwerk_16,/aisscv/preprocessing/data/Studierendenwerk_16.jpg,/aisscv/preprocessing/data/Studierendenwerk_16.txt,True,Studierendenwerk
87,Studierendenwerk_26,/aisscv/preprocessing/data/Studierendenwerk_26.jpg,/aisscv/preprocessing/data/Studierendenwerk_26.txt,True,Studierendenwerk
88,Studierendenwerk_23,/aisscv/preprocessing/data/Studierendenwerk_23.jpg,/aisscv/preprocessing/data/Studierendenwerk_23.txt,True,Studierendenwerk
89,Studierendenwerk_19,/aisscv/preprocessing/data/Studierendenwerk_19.jpg,/aisscv/preprocessing/data/Studierendenwerk_19.txt,True,Studierendenwerk
90,Waermflasche_49,/aisscv/preprocessing/data/Waermflasche_49.jpg,/aisscv/preprocessing/data/Waermflasche_49.txt,True,Waermflasche
91,Waermflasche_88,/aisscv/preprocessing/data/Waermflasche_88.jpg,/aisscv/preprocessing/data/Waermflasche_88.txt,True,Waermflasche
92,Waermflasche_57,/aisscv/preprocessing/data/Waermflasche_57.jpg,/aisscv/preprocessing/data/Waermflasche_57.txt,True,Waermflasche
93,Waermflasche_55,/aisscv/preprocessing/data/Waermflasche_55.jpg,/aisscv/preprocessing/data/Waermflasche_55.txt,True,Waermflasche
94,Waermflasche_80,/aisscv/preprocessing/data/Waermflasche_80.jpg,/aisscv/preprocessing/data/Waermflasche_80.txt,True,Waermflasche
95,Waermflasche_81,/aisscv/preprocessing/data/Waermflasche_81.jpg,/aisscv/preprocessing/data/Waermflasche_81.txt,True,Waermflasche
96,Waermflasche_32,/aisscv/preprocessing/data/Waermflasche_32.jpg,/aisscv/preprocessing/data/Waermflasche_32.txt,True,Waermflasche
97,Waermflasche_78,/aisscv/preprocessing/data/Waermflasche_78.jpg,/aisscv/preprocessing/data/Waermflasche_78.txt,True,Waermflasche
98,Waermflasche_65,/aisscv/preprocessing/data/Waermflasche_65.jpg,/aisscv/preprocessing/data/Waermflasche_65.txt,True,Waermflasche
99,Gruenderschmiede_39,/aisscv/preprocessing/data/Gruenderschmiede_39.jpg,/aisscv/preprocessing/data/Gruenderschmiede_39.txt,False,Gruenderschmiede
100,Waermflasche_77,/aisscv/preprocessing/data/Waermflasche_77.jpg,/aisscv/preprocessing/data/Waermflasche_77.txt,False,Waermflasche
101,Kopf_18,/aisscv/preprocessing/data/Kopf_18.jpg,/aisscv/preprocessing/data/Kopf_18.txt,False,Kopf
102,Studierendenwerk_4,/aisscv/preprocessing/data/Studierendenwerk_4.jpg,/aisscv/preprocessing/data/Studierendenwerk_4.txt,False,Studierendenwerk
103,Mensa_44,/aisscv/preprocessing/data/Mensa_44.jpg,/aisscv/preprocessing/data/Mensa_44.txt,False,Mensa
104,Haber_Bosch_19,/aisscv/preprocessing/data/Haber_Bosch_19.jpg,/aisscv/preprocessing/data/Haber_Bosch_19.txt,False,Haber_Bosch
105,Waermflasche_3,/aisscv/preprocessing/data/Waermflasche_3.jpg,/aisscv/preprocessing/data/Waermflasche_3.txt,False,Waermflasche
106,Studierendenwerk_11,/aisscv/preprocessing/data/Studierendenwerk_11.jpg,/aisscv/preprocessing/data/Studierendenwerk_11.txt,False,Studierendenwerk
107,AKK_ASTA_54,/aisscv/preprocessing/data/AKK_ASTA_54.jpg,/aisscv/preprocessing/data/AKK_ASTA_54.txt,False,AKK_ASTA
108,Alte_Bib_52,/aisscv/preprocessing/data/Alte_Bib_52.jpg,/aisscv/preprocessing/data/Alte_Bib_52.txt,False,Alte_Bib
109,Mensa_85,/aisscv/preprocessing/data/Mensa_85.jpg,/aisscv/preprocessing/data/Mensa_85.txt,False,Mensa
110,Kolben_43,/aisscv/preprocessing/data/Kolben_43.jpg,/aisscv/preprocessing/data/Kolben_43.txt,False,Kolben
111,Audimax_34,/aisscv/preprocessing/data/Audimax_34.jpg,/aisscv/preprocessing/data/Audimax_34.txt,False,Audimax
112,Alte_Bib_1,/aisscv/preprocessing/data/Alte_Bib_1.jpg,/aisscv/preprocessing/data/Alte_Bib_1.txt,False,Alte_Bib
113,Neue_Bib_8,/aisscv/preprocessing/data/Neue_Bib_8.jpg,/aisscv/preprocessing/data/Neue_Bib_8.txt,False,Neue_Bib
114,Neue_Bib_12,/aisscv/preprocessing/data/Neue_Bib_12.jpg,/aisscv/preprocessing/data/Neue_Bib_12.txt,False,Neue_Bib
115,Alte_Bib_50,/aisscv/preprocessing/data/Alte_Bib_50.jpg,/aisscv/preprocessing/data/Alte_Bib_50.txt,False,Alte_Bib
116,Waermflasche_20,/aisscv/preprocessing/data/Waermflasche_20.jpg,/aisscv/preprocessing/data/Waermflasche_20.txt,False,Waermflasche
117,Neue_Bib_38,/aisscv/preprocessing/data/Neue_Bib_38.jpg,/aisscv/preprocessing/data/Neue_Bib_38.txt,False,Neue_Bib
118,Alte_Bib_49,/aisscv/preprocessing/data/Alte_Bib_49.jpg,/aisscv/preprocessing/data/Alte_Bib_49.txt,False,Alte_Bib
119,Gruenderschmiede_17,/aisscv/preprocessing/data/Gruenderschmiede_17.jpg,/aisscv/preprocessing/data/Gruenderschmiede_17.txt,False,Gruenderschmiede
120,Kopf_87,/aisscv/preprocessing/data/Kopf_87.jpg,/aisscv/preprocessing/data/Kopf_87.txt,False,Kopf
121,Mathebau_38,/aisscv/preprocessing/data/Mathebau_38.jpg,/aisscv/preprocessing/data/Mathebau_38.txt,False,Mathebau
122,Alte_Bib_28,/aisscv/preprocessing/data/Alte_Bib_28.jpg,/aisscv/preprocessing/data/Alte_Bib_28.txt,False,Alte_Bib
123,Kopf_65,/aisscv/preprocessing/data/Kopf_65.jpg,/aisscv/preprocessing/data/Kopf_65.txt,False,Kopf
124,Mensa_62,/aisscv/preprocessing/data/Mensa_62.jpg,/aisscv/preprocessing/data/Mensa_62.txt,False,Mensa
125,Gruenderschmiede_14,/aisscv/preprocessing/data/Gruenderschmiede_14.jpg,/aisscv/preprocessing/data/Gruenderschmiede_14.txt,False,Gruenderschmiede
126,No_Label_25,/aisscv/preprocessing/data/No_Label_25.jpg,/aisscv/preprocessing/data/No_Label_25.txt,False,No_Label
127,AKK_ASTA_45,/aisscv/preprocessing/data/AKK_ASTA_45.jpg,/aisscv/preprocessing/data/AKK_ASTA_45.txt,False,AKK_ASTA
128,Waermflasche_17,/aisscv/preprocessing/data/Waermflasche_17.jpg,/aisscv/preprocessing/data/Waermflasche_17.txt,False,Waermflasche
129,Kolben_30,/aisscv/preprocessing/data/Kolben_30.jpg,/aisscv/preprocessing/data/Kolben_30.txt,False,Kolben
130,Gruenderschmiede_53,/aisscv/preprocessing/data/Gruenderschmiede_53.jpg,/aisscv/preprocessing/data/Gruenderschmiede_53.txt,False,Gruenderschmiede
131,AKK_ASTA_12,/aisscv/preprocessing/data/AKK_ASTA_12.jpg,/aisscv/preprocessing/data/AKK_ASTA_12.txt,False,AKK_ASTA
132,Soldat_46,/aisscv/preprocessing/data/Soldat_46.jpg,/aisscv/preprocessing/data/Soldat_46.txt,False,Soldat
133,AKK_ASTA_56,/aisscv/preprocessing/data/AKK_ASTA_56.jpg,/aisscv/preprocessing/data/AKK_ASTA_56.txt,False,AKK_ASTA
134,Waermflasche_2,/aisscv/preprocessing/data/Waermflasche_2.jpg,/aisscv/preprocessing/data/Waermflasche_2.txt,False,Waermflasche
135,Haber_Bosch_58,/aisscv/preprocessing/data/Haber_Bosch_58.jpg,/aisscv/preprocessing/data/Haber_Bosch_58.txt,False,Haber_Bosch
136,Soldat_3,/aisscv/preprocessing/data/Soldat_3.jpg,/aisscv/preprocessing/data/Soldat_3.txt,False,Soldat
137,Gruenderschmiede_42,/aisscv/preprocessing/data/Gruenderschmiede_42.jpg,/aisscv/preprocessing/data/Gruenderschmiede_42.txt,False,Gruenderschmiede
138,Mensa_67,/aisscv/preprocessing/data/Mensa_67.jpg,/aisscv/preprocessing/data/Mensa_67.txt,False,Mensa
139,No_Label_41,/aisscv/preprocessing/data/No_Label_41.jpg,/aisscv/preprocessing/data/No_Label_41.txt,False,No_Label
140,Kolben_27,/aisscv/preprocessing/data/Kolben_27.jpg,/aisscv/preprocessing/data/Kolben_27.txt,False,Kolben
141,Audimax_15,/aisscv/preprocessing/data/Audimax_15.jpg,/aisscv/preprocessing/data/Audimax_15.txt,False,Audimax
142,Mathebau_29,/aisscv/preprocessing/data/Mathebau_29.jpg,/aisscv/preprocessing/data/Mathebau_29.txt,False,Mathebau
143,Audimax_61,/aisscv/preprocessing/data/Audimax_61.jpg,/aisscv/preprocessing/data/Audimax_61.txt,False,Audimax
144,Neue_Bib_40,/aisscv/preprocessing/data/Neue_Bib_40.jpg,/aisscv/preprocessing/data/Neue_Bib_40.txt,False,Neue_Bib
145,Mensa_59,/aisscv/preprocessing/data/Mensa_59.jpg,/aisscv/preprocessing/data/Mensa_59.txt,False,Mensa
146,Neue_Bib_19,/aisscv/preprocessing/data/Neue_Bib_19.jpg,/aisscv/preprocessing/data/Neue_Bib_19.txt,False,Neue_Bib
147,Haber_Bosch_59,/aisscv/preprocessing/data/Haber_Bosch_59.jpg,/aisscv/preprocessing/data/Haber_Bosch_59.txt,False,Haber_Bosch
148,Haber_Bosch_25,/aisscv/preprocessing/data/Haber_Bosch_25.jpg,/aisscv/preprocessing/data/Haber_Bosch_25.txt,False,Haber_Bosch
149,Alte_Bib_57,/aisscv/preprocessing/data/Alte_Bib_57.jpg,/aisscv/preprocessing/data/Alte_Bib_57.txt,False,Alte_Bib
150,Audimax_44,/aisscv/preprocessing/data/Audimax_44.jpg,/aisscv/preprocessing/data/Audimax_44.txt,False,Audimax
151,Kopf_60,/aisscv/preprocessing/data/Kopf_60.jpg,/aisscv/preprocessing/data/Kopf_60.txt,False,Kopf
152,Neue_Bib_25,/aisscv/preprocessing/data/Neue_Bib_25.jpg,/aisscv/preprocessing/data/Neue_Bib_25.txt,False,Neue_Bib
153,Neue_Bib_3,/aisscv/preprocessing/data/Neue_Bib_3.jpg,/aisscv/preprocessing/data/Neue_Bib_3.txt,False,Neue_Bib
154,Lernzentrum_56,/aisscv/preprocessing/data/Lernzentrum_56.jpg,/aisscv/preprocessing/data/Lernzentrum_56.txt,False,Lernzentrum
155,Haber_Bosch_23,/aisscv/preprocessing/data/Haber_Bosch_23.jpg,/aisscv/preprocessing/data/Haber_Bosch_23.txt,False,Haber_Bosch
156,Waermflasche_24,/aisscv/preprocessing/data/Waermflasche_24.jpg,/aisscv/preprocessing/data/Waermflasche_24.txt,False,Waermflasche
157,Lernzentrum_29,/aisscv/preprocessing/data/Lernzentrum_29.jpg,/aisscv/preprocessing/data/Lernzentrum_29.txt,False,Lernzentrum
158,Lernzentrum_72,/aisscv/preprocessing/data/Lernzentrum_72.jpg,/aisscv/preprocessing/data/Lernzentrum_72.txt,False,Lernzentrum
159,Kopf_36,/aisscv/preprocessing/data/Kopf_36.jpg,/aisscv/preprocessing/data/Kopf_36.txt,False,Kopf
160,Mensa_81,/aisscv/preprocessing/data/Mensa_81.jpg,/aisscv/preprocessing/data/Mensa_81.txt,False,Mensa
161,AKK_ASTA_14,/aisscv/preprocessing/data/AKK_ASTA_14.jpg,/aisscv/preprocessing/data/AKK_ASTA_14.txt,False,AKK_ASTA
162,Lernzentrum_54,/aisscv/preprocessing/data/Lernzentrum_54.jpg,/aisscv/preprocessing/data/Lernzentrum_54.txt,False,Lernzentrum
163,Soldat_40,/aisscv/preprocessing/data/Soldat_40.jpg,/aisscv/preprocessing/data/Soldat_40.txt,False,Soldat
164,Kopf_43,/aisscv/preprocessing/data/Kopf_43.jpg,/aisscv/preprocessing/data/Kopf_43.txt,False,Kopf
165,Waermflasche_26,/aisscv/preprocessing/data/Waermflasche_26.jpg,/aisscv/preprocessing/data/Waermflasche_26.txt,False,Waermflasche
166,Kolben_58,/aisscv/preprocessing/data/Kolben_58.jpg,/aisscv/preprocessing/data/Kolben_58.txt,False,Kolben
167,Kopf_54,/aisscv/preprocessing/data/Kopf_54.jpg,/aisscv/preprocessing/data/Kopf_54.txt,False,Kopf
168,Kopf_11,/aisscv/preprocessing/data/Kopf_11.jpg,/aisscv/preprocessing/data/Kopf_11.txt,False,Kopf
169,Audimax_53,/aisscv/preprocessing/data/Audimax_53.jpg,/aisscv/preprocessing/data/Audimax_53.txt,False,Audimax
170,Waermflasche_12,/aisscv/preprocessing/data/Waermflasche_12.jpg,/aisscv/preprocessing/data/Waermflasche_12.txt,False,Waermflasche
171,Kolben_67,/aisscv/preprocessing/data/Kolben_67.jpg,/aisscv/preprocessing/data/Kolben_67.txt,False,Kolben
172,No_Label_20,/aisscv/preprocessing/data/No_Label_20.jpg,/aisscv/preprocessing/data/No_Label_20.txt,False,No_Label
173,Lernzentrum_37,/aisscv/preprocessing/data/Lernzentrum_37.jpg,/aisscv/preprocessing/data/Lernzentrum_37.txt,False,Lernzentrum
174,Kopf_50,/aisscv/preprocessing/data/Kopf_50.jpg,/aisscv/preprocessing/data/Kopf_50.txt,False,Kopf
175,Waermflasche_41,/aisscv/preprocessing/data/Waermflasche_41.jpg,/aisscv/preprocessing/data/Waermflasche_41.txt,False,Waermflasche
176,Alte_Bib_8,/aisscv/preprocessing/data/Alte_Bib_8.jpg,/aisscv/preprocessing/data/Alte_Bib_8.txt,False,Alte_Bib
177,Mensa_16,/aisscv/preprocessing/data/Mensa_16.jpg,/aisscv/preprocessing/data/Mensa_16.txt,False,Mensa
178,AKK_ASTA_62,/aisscv/preprocessing/data/AKK_ASTA_62.jpg,/aisscv/preprocessing/data/AKK_ASTA_62.txt,False,AKK_ASTA
179,Waermflasche_43,/aisscv/preprocessing/data/Waermflasche_43.jpg,/aisscv/preprocessing/data/Waermflasche_43.txt,False,Waermflasche
180,Lernzentrum_6,/aisscv/preprocessing/data/Lernzentrum_6.jpg,/aisscv/preprocessing/data/Lernzentrum_6.txt,False,Lernzentrum
181,Mensa_1,/aisscv/preprocessing/data/Mensa_1.jpg,/aisscv/preprocessing/data/Mensa_1.txt,False,Mensa
182,Kolben_61,/aisscv/preprocessing/data/Kolben_61.jpg,/aisscv/preprocessing/data/Kolben_61.txt,False,Kolben
183,Audimax_1,/aisscv/preprocessing/data/Audimax_1.jpg,/aisscv/preprocessing/data/Audimax_1.txt,False,Audimax
184,Mathebau_34,/aisscv/preprocessing/data/Mathebau_34.jpg,/aisscv/preprocessing/data/Mathebau_34.txt,False,Mathebau
185,AKK_ASTA_16,/aisscv/preprocessing/data/AKK_ASTA_16.jpg,/aisscv/preprocessing/data/AKK_ASTA_16.txt,False,AKK_ASTA
186,Mensa_96,/aisscv/preprocessing/data/Mensa_96.jpg,/aisscv/preprocessing/data/Mensa_96.txt,False,Mensa
187,Mathebau_14,/aisscv/preprocessing/data/Mathebau_14.jpg,/aisscv/preprocessing/data/Mathebau_14.txt,False,Mathebau
188,Waermflasche_59,/aisscv/preprocessing/data/Waermflasche_59.jpg,/aisscv/preprocessing/data/Waermflasche_59.txt,False,Waermflasche
189,Mensa_15,/aisscv/preprocessing/data/Mensa_15.jpg,/aisscv/preprocessing/data/Mensa_15.txt,False,Mensa
190,Kopf_33,/aisscv/preprocessing/data/Kopf_33.jpg,/aisscv/preprocessing/data/Kopf_33.txt,False,Kopf
191,Mensa_10,/aisscv/preprocessing/data/Mensa_10.jpg,/aisscv/preprocessing/data/Mensa_10.txt,False,Mensa
192,Gruenderschmiede_37,/aisscv/preprocessing/data/Gruenderschmiede_37.jpg,/aisscv/preprocessing/data/Gruenderschmiede_37.txt,False,Gruenderschmiede
193,Kopf_34,/aisscv/preprocessing/data/Kopf_34.jpg,/aisscv/preprocessing/data/Kopf_34.txt,False,Kopf
194,Alte_Bib_88,/aisscv/preprocessing/data/Alte_Bib_88.jpg,/aisscv/preprocessing/data/Alte_Bib_88.txt,False,Alte_Bib
195,Lernzentrum_27,/aisscv/preprocessing/data/Lernzentrum_27.jpg,/aisscv/preprocessing/data/Lernzentrum_27.txt,False,Lernzentrum
196,Kopf_48,/aisscv/preprocessing/data/Kopf_48.jpg,/aisscv/preprocessing/data/Kopf_48.txt,False,Kopf
197,Neue_Bib_33,/aisscv/preprocessing/data/Neue_Bib_33.jpg,/aisscv/preprocessing/data/Neue_Bib_33.txt,False,Neue_Bib
198,AKK_ASTA_43,/aisscv/preprocessing/data/AKK_ASTA_43.jpg,/aisscv/preprocessing/data/AKK_ASTA_43.txt,False,AKK_ASTA
199,Kolben_16,/aisscv/preprocessing/data/Kolben_16.jpg,/aisscv/preprocessing/data/Kolben_16.txt,False,Kolben
200,AKK_ASTA_70,/aisscv/preprocessing/data/AKK_ASTA_70.jpg,/aisscv/preprocessing/data/AKK_ASTA_70.txt,False,AKK_ASTA
201,Waermflasche_51,/aisscv/preprocessing/data/Waermflasche_51.jpg,/aisscv/preprocessing/data/Waermflasche_51.txt,False,Waermflasche
202,Waermflasche_22,/aisscv/preprocessing/data/Waermflasche_22.jpg,/aisscv/preprocessing/data/Waermflasche_22.txt,False,Waermflasche
203,Mensa_70,/aisscv/preprocessing/data/Mensa_70.jpg,/aisscv/preprocessing/data/Mensa_70.txt,False,Mensa
204,Haber_Bosch_2,/aisscv/preprocessing/data/Haber_Bosch_2.jpg,/aisscv/preprocessing/data/Haber_Bosch_2.txt,False,Haber_Bosch
205,Mensa_26,/aisscv/preprocessing/data/Mensa_26.jpg,/aisscv/preprocessing/data/Mensa_26.txt,False,Mensa
206,Lernzentrum_28,/aisscv/preprocessing/data/Lernzentrum_28.jpg,/aisscv/preprocessing/data/Lernzentrum_28.txt,False,Lernzentrum
207,Mensa_38,/aisscv/preprocessing/data/Mensa_38.jpg,/aisscv/preprocessing/data/Mensa_38.txt,False,Mensa
208,Lernzentrum_47,/aisscv/preprocessing/data/Lernzentrum_47.jpg,/aisscv/preprocessing/data/Lernzentrum_47.txt,False,Lernzentrum
209,Alte_Bib_19,/aisscv/preprocessing/data/Alte_Bib_19.jpg,/aisscv/preprocessing/data/Alte_Bib_19.txt,False,Alte_Bib
210,Lernzentrum_64,/aisscv/preprocessing/data/Lernzentrum_64.jpg,/aisscv/preprocessing/data/Lernzentrum_64.txt,False,Lernzentrum
211,Kolben_8,/aisscv/preprocessing/data/Kolben_8.jpg,/aisscv/preprocessing/data/Kolben_8.txt,False,Kolben
212,Mensa_94,/aisscv/preprocessing/data/Mensa_94.jpg,/aisscv/preprocessing/data/Mensa_94.txt,False,Mensa
213,AKK_ASTA_64,/aisscv/preprocessing/data/AKK_ASTA_64.jpg,/aisscv/preprocessing/data/AKK_ASTA_64.txt,False,AKK_ASTA
214,Alte_Bib_45,/aisscv/preprocessing/data/Alte_Bib_45.jpg,/aisscv/preprocessing/data/Alte_Bib_45.txt,False,Alte_Bib
215,Alte_Bib_18,/aisscv/preprocessing/data/Alte_Bib_18.jpg,/aisscv/preprocessing/data/Alte_Bib_18.txt,False,Alte_Bib
216,Mensa_53,/aisscv/preprocessing/data/Mensa_53.jpg,/aisscv/preprocessing/data/Mensa_53.txt,False,Mensa
217,Kolben_40,/aisscv/preprocessing/data/Kolben_40.jpg,/aisscv/preprocessing/data/Kolben_40.txt,False,Kolben
218,Haber_Bosch_9,/aisscv/preprocessing/data/Haber_Bosch_9.jpg,/aisscv/preprocessing/data/Haber_Bosch_9.txt,False,Haber_Bosch
219,Mathebau_1,/aisscv/preprocessing/data/Mathebau_1.jpg,/aisscv/preprocessing/data/Mathebau_1.txt,False,Mathebau
220,Alte_Bib_58,/aisscv/preprocessing/data/Alte_Bib_58.jpg,/aisscv/preprocessing/data/Alte_Bib_58.txt,False,Alte_Bib
221,Soldat_7,/aisscv/preprocessing/data/Soldat_7.jpg,/aisscv/preprocessing/data/Soldat_7.txt,False,Soldat
222,No_Label_48,/aisscv/preprocessing/data/No_Label_48.jpg,/aisscv/preprocessing/data/No_Label_48.txt,False,No_Label
223,Audimax_20,/aisscv/preprocessing/data/Audimax_20.jpg,/aisscv/preprocessing/data/Audimax_20.txt,False,Audimax
224,Lernzentrum_71,/aisscv/preprocessing/data/Lernzentrum_71.jpg,/aisscv/preprocessing/data/Lernzentrum_71.txt,False,Lernzentrum
225,Lernzentrum_7,/aisscv/preprocessing/data/Lernzentrum_7.jpg,/aisscv/preprocessing/data/Lernzentrum_7.txt,False,Lernzentrum
226,Gruenderschmiede_18,/aisscv/preprocessing/data/Gruenderschmiede_18.jpg,/aisscv/preprocessing/data/Gruenderschmiede_18.txt,False,Gruenderschmiede
227,Haber_Bosch_46,/aisscv/preprocessing/data/Haber_Bosch_46.jpg,/aisscv/preprocessing/data/Haber_Bosch_46.txt,False,Haber_Bosch
228,Kolben_68,/aisscv/preprocessing/data/Kolben_68.jpg,/aisscv/preprocessing/data/Kolben_68.txt,False,Kolben
229,Mensa_34,/aisscv/preprocessing/data/Mensa_34.jpg,/aisscv/preprocessing/data/Mensa_34.txt,False,Mensa
230,Kolben_24,/aisscv/preprocessing/data/Kolben_24.jpg,/aisscv/preprocessing/data/Kolben_24.txt,False,Kolben
231,AKK_ASTA_75,/aisscv/preprocessing/data/AKK_ASTA_75.jpg,/aisscv/preprocessing/data/AKK_ASTA_75.txt,False,AKK_ASTA
232,Waermflasche_82,/aisscv/preprocessing/data/Waermflasche_82.jpg,/aisscv/preprocessing/data/Waermflasche_82.txt,False,Waermflasche
233,AKK_ASTA_4,/aisscv/preprocessing/data/AKK_ASTA_4.jpg,/aisscv/preprocessing/data/AKK_ASTA_4.txt,False,AKK_ASTA
234,Kopf_3,/aisscv/preprocessing/data/Kopf_3.jpg,/aisscv/preprocessing/data/Kopf_3.txt,False,Kopf
235,Waermflasche_66,/aisscv/preprocessing/data/Waermflasche_66.jpg,/aisscv/preprocessing/data/Waermflasche_66.txt,False,Waermflasche
236,Kolben_69,/aisscv/preprocessing/data/Kolben_69.jpg,/aisscv/preprocessing/data/Kolben_69.txt,False,Kolben
237,Alte_Bib_60,/aisscv/preprocessing/data/Alte_Bib_60.jpg,/aisscv/preprocessing/data/Alte_Bib_60.txt,False,Alte_Bib
238,Kopf_74,/aisscv/preprocessing/data/Kopf_74.jpg,/aisscv/preprocessing/data/Kopf_74.txt,False,Kopf
239,Audimax_14,/aisscv/preprocessing/data/Audimax_14.jpg,/aisscv/preprocessing/data/Audimax_14.txt,False,Audimax
240,Alte_Bib_35,/aisscv/preprocessing/data/Alte_Bib_35.jpg,/aisscv/preprocessing/data/Alte_Bib_35.txt,False,Alte_Bib
241,Gruenderschmiede_38,/aisscv/preprocessing/data/Gruenderschmiede_38.jpg,/aisscv/preprocessing/data/Gruenderschmiede_38.txt,False,Gruenderschmiede
242,Kopf_38,/aisscv/preprocessing/data/Kopf_38.jpg,/aisscv/preprocessing/data/Kopf_38.txt,False,Kopf
243,Lernzentrum_67,/aisscv/preprocessing/data/Lernzentrum_67.jpg,/aisscv/preprocessing/data/Lernzentrum_67.txt,False,Lernzentrum
244,Haber_Bosch_44,/aisscv/preprocessing/data/Haber_Bosch_44.jpg,/aisscv/preprocessing/data/Haber_Bosch_44.txt,False,Haber_Bosch
245,Waermflasche_73,/aisscv/preprocessing/data/Waermflasche_73.jpg,/aisscv/preprocessing/data/Waermflasche_73.txt,False,Waermflasche
246,Mathebau_52,/aisscv/preprocessing/data/Mathebau_52.jpg,/aisscv/preprocessing/data/Mathebau_52.txt,False,Mathebau
247,Alte_Bib_5,/aisscv/preprocessing/data/Alte_Bib_5.jpg,/aisscv/preprocessing/data/Alte_Bib_5.txt,False,Alte_Bib
248,Audimax_39,/aisscv/preprocessing/data/Audimax_39.jpg,/aisscv/preprocessing/data/Audimax_39.txt,False,Audimax
249,Mathebau_27,/aisscv/preprocessing/data/Mathebau_27.jpg,/aisscv/preprocessing/data/Mathebau_27.txt,False,Mathebau
250,Soldat_55,/aisscv/preprocessing/data/Soldat_55.jpg,/aisscv/preprocessing/data/Soldat_55.txt,False,Soldat
251,Soldat_15,/aisscv/preprocessing/data/Soldat_15.jpg,/aisscv/preprocessing/data/Soldat_15.txt,False,Soldat
252,Mensa_80,/aisscv/preprocessing/data/Mensa_80.jpg,/aisscv/preprocessing/data/Mensa_80.txt,False,Mensa
253,Haber_Bosch_11,/aisscv/preprocessing/data/Haber_Bosch_11.jpg,/aisscv/preprocessing/data/Haber_Bosch_11.txt,False,Haber_Bosch
254,AKK_ASTA_38,/aisscv/preprocessing/data/AKK_ASTA_38.jpg,/aisscv/preprocessing/data/AKK_ASTA_38.txt,False,AKK_ASTA
255,Audimax_51,/aisscv/preprocessing/data/Audimax_51.jpg,/aisscv/preprocessing/data/Audimax_51.txt,False,Audimax
256,Mensa_90,/aisscv/preprocessing/data/Mensa_90.jpg,/aisscv/preprocessing/data/Mensa_90.txt,False,Mensa
257,Lernzentrum_38,/aisscv/preprocessing/data/Lernzentrum_38.jpg,/aisscv/preprocessing/data/Lernzentrum_38.txt,False,Lernzentrum
258,Kolben_60,/aisscv/preprocessing/data/Kolben_60.jpg,/aisscv/preprocessing/data/Kolben_60.txt,False,Kolben
259,Mensa_91,/aisscv/preprocessing/data/Mensa_91.jpg,/aisscv/preprocessing/data/Mensa_91.txt,False,Mensa
260,Mensa_93,/aisscv/preprocessing/data/Mensa_93.jpg,/aisscv/preprocessing/data/Mensa_93.txt,False,Mensa
261,Kopf_22,/aisscv/preprocessing/data/Kopf_22.jpg,/aisscv/preprocessing/data/Kopf_22.txt,False,Kopf
262,Mensa_61,/aisscv/preprocessing/data/Mensa_61.jpg,/aisscv/preprocessing/data/Mensa_61.txt,False,Mensa
263,Studierendenwerk_12,/aisscv/preprocessing/data/Studierendenwerk_12.jpg,/aisscv/preprocessing/data/Studierendenwerk_12.txt,False,Studierendenwerk
264,Audimax_5,/aisscv/preprocessing/data/Audimax_5.jpg,/aisscv/preprocessing/data/Audimax_5.txt,False,Audimax
265,Mathebau_6,/aisscv/preprocessing/data/Mathebau_6.jpg,/aisscv/preprocessing/data/Mathebau_6.txt,False,Mathebau
266,Soldat_6,/aisscv/preprocessing/data/Soldat_6.jpg,/aisscv/preprocessing/data/Soldat_6.txt,False,Soldat
267,No_Label_33,/aisscv/preprocessing/data/No_Label_33.jpg,/aisscv/preprocessing/data/No_Label_33.txt,False,No_Label
268,Studierendenwerk_47,/aisscv/preprocessing/data/Studierendenwerk_47.jpg,/aisscv/preprocessing/data/Studierendenwerk_47.txt,False,Studierendenwerk
269,Lernzentrum_60,/aisscv/preprocessing/data/Lernzentrum_60.jpg,/aisscv/preprocessing/data/Lernzentrum_60.txt,False,Lernzentrum
270,Soldat_36,/aisscv/preprocessing/data/Soldat_36.jpg,/aisscv/preprocessing/data/Soldat_36.txt,False,Soldat
271,Audimax_42,/aisscv/preprocessing/data/Audimax_42.jpg,/aisscv/preprocessing/data/Audimax_42.txt,False,Audimax
272,No_Label_23,/aisscv/preprocessing/data/No_Label_23.jpg,/aisscv/preprocessing/data/No_Label_23.txt,False,No_Label
273,No_Label_38,/aisscv/preprocessing/data/No_Label_38.jpg,/aisscv/preprocessing/data/No_Label_38.txt,False,No_Label
274,Haber_Bosch_20,/aisscv/preprocessing/data/Haber_Bosch_20.jpg,/aisscv/preprocessing/data/Haber_Bosch_20.txt,False,Haber_Bosch
275,AKK_ASTA_6,/aisscv/preprocessing/data/AKK_ASTA_6.jpg,/aisscv/preprocessing/data/AKK_ASTA_6.txt,False,AKK_ASTA
276,Mensa_89,/aisscv/preprocessing/data/Mensa_89.jpg,/aisscv/preprocessing/data/Mensa_89.txt,False,Mensa
277,Mensa_27,/aisscv/preprocessing/data/Mensa_27.jpg,/aisscv/preprocessing/data/Mensa_27.txt,False,Mensa
278,AKK_ASTA_25,/aisscv/preprocessing/data/AKK_ASTA_25.jpg,/aisscv/preprocessing/data/AKK_ASTA_25.txt,False,AKK_ASTA
279,Waermflasche_50,/aisscv/preprocessing/data/Waermflasche_50.jpg,/aisscv/preprocessing/data/Waermflasche_50.txt,False,Waermflasche
280,Kopf_23,/aisscv/preprocessing/data/Kopf_23.jpg,/aisscv/preprocessing/data/Kopf_23.txt,False,Kopf
281,Gruenderschmiede_34,/aisscv/preprocessing/data/Gruenderschmiede_34.jpg,/aisscv/preprocessing/data/Gruenderschmiede_34.txt,False,Gruenderschmiede
282,Kopf_19,/aisscv/preprocessing/data/Kopf_19.jpg,/aisscv/preprocessing/data/Kopf_19.txt,False,Kopf
283,No_Label_45,/aisscv/preprocessing/data/No_Label_45.jpg,/aisscv/preprocessing/data/No_Label_45.txt,False,No_Label
284,Gruenderschmiede_11,/aisscv/preprocessing/data/Gruenderschmiede_11.jpg,/aisscv/preprocessing/data/Gruenderschmiede_11.txt,False,Gruenderschmiede
285,Soldat_26,/aisscv/preprocessing/data/Soldat_26.jpg,/aisscv/preprocessing/data/Soldat_26.txt,False,Soldat
286,Audimax_2,/aisscv/preprocessing/data/Audimax_2.jpg,/aisscv/preprocessing/data/Audimax_2.txt,False,Audimax
287,Neue_Bib_6,/aisscv/preprocessing/data/Neue_Bib_6.jpg,/aisscv/preprocessing/data/Neue_Bib_6.txt,False,Neue_Bib
288,AKK_ASTA_51,/aisscv/preprocessing/data/AKK_ASTA_51.jpg,/aisscv/preprocessing/data/AKK_ASTA_51.txt,False,AKK_ASTA
289,Haber_Bosch_63,/aisscv/preprocessing/data/Haber_Bosch_63.jpg,/aisscv/preprocessing/data/Haber_Bosch_63.txt,False,Haber_Bosch
290,Waermflasche_25,/aisscv/preprocessing/data/Waermflasche_25.jpg,/aisscv/preprocessing/data/Waermflasche_25.txt,False,Waermflasche
291,Waermflasche_1,/aisscv/preprocessing/data/Waermflasche_1.jpg,/aisscv/preprocessing/data/Waermflasche_1.txt,False,Waermflasche
292,Soldat_14,/aisscv/preprocessing/data/Soldat_14.jpg,/aisscv/preprocessing/data/Soldat_14.txt,False,Soldat
293,Gruenderschmiede_20,/aisscv/preprocessing/data/Gruenderschmiede_20.jpg,/aisscv/preprocessing/data/Gruenderschmiede_20.txt,False,Gruenderschmiede
294,Kopf_32,/aisscv/preprocessing/data/Kopf_32.jpg,/aisscv/preprocessing/data/Kopf_32.txt,False,Kopf
295,No_Label_12,/aisscv/preprocessing/data/No_Label_12.jpg,/aisscv/preprocessing/data/No_Label_12.txt,False,No_Label
296,Soldat_39,/aisscv/preprocessing/data/Soldat_39.jpg,/aisscv/preprocessing/data/Soldat_39.txt,False,Soldat
297,Lernzentrum_44,/aisscv/preprocessing/data/Lernzentrum_44.jpg,/aisscv/preprocessing/data/Lernzentrum_44.txt,False,Lernzentrum
298,Audimax_52,/aisscv/preprocessing/data/Audimax_52.jpg,/aisscv/preprocessing/data/Audimax_52.txt,False,Audimax
299,Waermflasche_45,/aisscv/preprocessing/data/Waermflasche_45.jpg,/aisscv/preprocessing/data/Waermflasche_45.txt,False,Waermflasche
300,Kolben_7,/aisscv/preprocessing/data/Kolben_7.jpg,/aisscv/preprocessing/data/Kolben_7.txt,False,Kolben
301,Lernzentrum_52,/aisscv/preprocessing/data/Lernzentrum_52.jpg,/aisscv/preprocessing/data/Lernzentrum_52.txt,False,Lernzentrum
302,Lernzentrum_58,/aisscv/preprocessing/data/Lernzentrum_58.jpg,/aisscv/preprocessing/data/Lernzentrum_58.txt,False,Lernzentrum
303,Audimax_56,/aisscv/preprocessing/data/Audimax_56.jpg,/aisscv/preprocessing/data/Audimax_56.txt,False,Audimax
304,AKK_ASTA_20,/aisscv/preprocessing/data/AKK_ASTA_20.jpg,/aisscv/preprocessing/data/AKK_ASTA_20.txt,False,AKK_ASTA
305,Mathebau_26,/aisscv/preprocessing/data/Mathebau_26.jpg,/aisscv/preprocessing/data/Mathebau_26.txt,False,Mathebau
306,Alte_Bib_85,/aisscv/preprocessing/data/Alte_Bib_85.jpg,/aisscv/preprocessing/data/Alte_Bib_85.txt,False,Alte_Bib
307,Haber_Bosch_55,/aisscv/preprocessing/data/Haber_Bosch_55.jpg,/aisscv/preprocessing/data/Haber_Bosch_55.txt,False,Haber_Bosch
308,Studierendenwerk_43,/aisscv/preprocessing/data/Studierendenwerk_43.jpg,/aisscv/preprocessing/data/Studierendenwerk_43.txt,False,Studierendenwerk
309,Kopf_47,/aisscv/preprocessing/data/Kopf_47.jpg,/aisscv/preprocessing/data/Kopf_47.txt,False,Kopf
310,Kolben_14,/aisscv/preprocessing/data/Kolben_14.jpg,/aisscv/preprocessing/data/Kolben_14.txt,False,Kolben
311,Waermflasche_86,/aisscv/preprocessing/data/Waermflasche_86.jpg,/aisscv/preprocessing/data/Waermflasche_86.txt,False,Waermflasche
312,Waermflasche_87,/aisscv/preprocessing/data/Waermflasche_87.jpg,/aisscv/preprocessing/data/Waermflasche_87.txt,False,Waermflasche
313,Alte_Bib_94,/aisscv/preprocessing/data/Alte_Bib_94.jpg,/aisscv/preprocessing/data/Alte_Bib_94.txt,False,Alte_Bib
314,Mathebau_22,/aisscv/preprocessing/data/Mathebau_22.jpg,/aisscv/preprocessing/data/Mathebau_22.txt,False,Mathebau
315,Audimax_21,/aisscv/preprocessing/data/Audimax_21.jpg,/aisscv/preprocessing/data/Audimax_21.txt,False,Audimax
316,Mensa_9,/aisscv/preprocessing/data/Mensa_9.jpg,/aisscv/preprocessing/data/Mensa_9.txt,False,Mensa
317,Waermflasche_48,/aisscv/preprocessing/data/Waermflasche_48.jpg,/aisscv/preprocessing/data/Waermflasche_48.txt,False,Waermflasche
318,No_Label_36,/aisscv/preprocessing/data/No_Label_36.jpg,/aisscv/preprocessing/data/No_Label_36.txt,False,No_Label
319,Soldat_44,/aisscv/preprocessing/data/Soldat_44.jpg,/aisscv/preprocessing/data/Soldat_44.txt,False,Soldat
320,Waermflasche_6,/aisscv/preprocessing/data/Waermflasche_6.jpg,/aisscv/preprocessing/data/Waermflasche_6.txt,False,Waermflasche
321,Mensa_23,/aisscv/preprocessing/data/Mensa_23.jpg,/aisscv/preprocessing/data/Mensa_23.txt,False,Mensa
322,Alte_Bib_80,/aisscv/preprocessing/data/Alte_Bib_80.jpg,/aisscv/preprocessing/data/Alte_Bib_80.txt,False,Alte_Bib
323,Audimax_45,/aisscv/preprocessing/data/Audimax_45.jpg,/aisscv/preprocessing/data/Audimax_45.txt,False,Audimax
324,AKK_ASTA_66,/aisscv/preprocessing/data/AKK_ASTA_66.jpg,/aisscv/preprocessing/data/AKK_ASTA_66.txt,False,AKK_ASTA
325,Soldat_10,/aisscv/preprocessing/data/Soldat_10.jpg,/aisscv/preprocessing/data/Soldat_10.txt,False,Soldat
326,Kolben_41,/aisscv/preprocessing/data/Kolben_41.jpg,/aisscv/preprocessing/data/Kolben_41.txt,False,Kolben
327,Alte_Bib_6,/aisscv/preprocessing/data/Alte_Bib_6.jpg,/aisscv/preprocessing/data/Alte_Bib_6.txt,False,Alte_Bib
328,Neue_Bib_24,/aisscv/preprocessing/data/Neue_Bib_24.jpg,/aisscv/preprocessing/data/Neue_Bib_24.txt,False,Neue_Bib
329,Audimax_36,/aisscv/preprocessing/data/Audimax_36.jpg,/aisscv/preprocessing/data/Audimax_36.txt,False,Audimax
330,Alte_Bib_30,/aisscv/preprocessing/data/Alte_Bib_30.jpg,/aisscv/preprocessing/data/Alte_Bib_30.txt,False,Alte_Bib
331,Mensa_18,/aisscv/preprocessing/data/Mensa_18.jpg,/aisscv/preprocessing/data/Mensa_18.txt,False,Mensa
332,Mensa_24,/aisscv/preprocessing/data/Mensa_24.jpg,/aisscv/preprocessing/data/Mensa_24.txt,False,Mensa
333,Kopf_55,/aisscv/preprocessing/data/Kopf_55.jpg,/aisscv/preprocessing/data/Kopf_55.txt,False,Kopf
334,AKK_ASTA_60,/aisscv/preprocessing/data/AKK_ASTA_60.jpg,/aisscv/preprocessing/data/AKK_ASTA_60.txt,False,AKK_ASTA
335,Mensa_71,/aisscv/preprocessing/data/Mensa_71.jpg,/aisscv/preprocessing/data/Mensa_71.txt,False,Mensa
336,Mathebau_5,/aisscv/preprocessing/data/Mathebau_5.jpg,/aisscv/preprocessing/data/Mathebau_5.txt,False,Mathebau
337,Studierendenwerk_52,/aisscv/preprocessing/data/Studierendenwerk_52.jpg,/aisscv/preprocessing/data/Studierendenwerk_52.txt,False,Studierendenwerk
338,No_Label_30,/aisscv/preprocessing/data/No_Label_30.jpg,/aisscv/preprocessing/data/No_Label_30.txt,False,No_Label
339,Lernzentrum_50,/aisscv/preprocessing/data/Lernzentrum_50.jpg,/aisscv/preprocessing/data/Lernzentrum_50.txt,False,Lernzentrum
340,Audimax_49,/aisscv/preprocessing/data/Audimax_49.jpg,/aisscv/preprocessing/data/Audimax_49.txt,False,Audimax
341,Neue_Bib_14,/aisscv/preprocessing/data/Neue_Bib_14.jpg,/aisscv/preprocessing/data/Neue_Bib_14.txt,False,Neue_Bib
342,Kopf_53,/aisscv/preprocessing/data/Kopf_53.jpg,/aisscv/preprocessing/data/Kopf_53.txt,False,Kopf
343,Waermflasche_42,/aisscv/preprocessing/data/Waermflasche_42.jpg,/aisscv/preprocessing/data/Waermflasche_42.txt,False,Waermflasche
344,Mensa_45,/aisscv/preprocessing/data/Mensa_45.jpg,/aisscv/preprocessing/data/Mensa_45.txt,False,Mensa
345,No_Label_21,/aisscv/preprocessing/data/No_Label_21.jpg,/aisscv/preprocessing/data/No_Label_21.txt,False,No_Label
346,Kopf_1,/aisscv/preprocessing/data/Kopf_1.jpg,/aisscv/preprocessing/data/Kopf_1.txt,False,Kopf
347,Alte_Bib_63,/aisscv/preprocessing/data/Alte_Bib_63.jpg,/aisscv/preprocessing/data/Alte_Bib_63.txt,False,Alte_Bib
348,Kolben_62,/aisscv/preprocessing/data/Kolben_62.jpg,/aisscv/preprocessing/data/Kolben_62.txt,False,Kolben
349,AKK_ASTA_67,/aisscv/preprocessing/data/AKK_ASTA_67.jpg,/aisscv/preprocessing/data/AKK_ASTA_67.txt,False,AKK_ASTA
350,Studierendenwerk_31,/aisscv/preprocessing/data/Studierendenwerk_31.jpg,/aisscv/preprocessing/data/Studierendenwerk_31.txt,False,Studierendenwerk
351,Alte_Bib_29,/aisscv/preprocessing/data/Alte_Bib_29.jpg,/aisscv/preprocessing/data/Alte_Bib_29.txt,False,Alte_Bib
352,Waermflasche_34,/aisscv/preprocessing/data/Waermflasche_34.jpg,/aisscv/preprocessing/data/Waermflasche_34.txt,False,Waermflasche
353,Neue_Bib_7,/aisscv/preprocessing/data/Neue_Bib_7.jpg,/aisscv/preprocessing/data/Neue_Bib_7.txt,False,Neue_Bib
354,Studierendenwerk_17,/aisscv/preprocessing/data/Studierendenwerk_17.jpg,/aisscv/preprocessing/data/Studierendenwerk_17.txt,False,Studierendenwerk
355,Mensa_55,/aisscv/preprocessing/data/Mensa_55.jpg,/aisscv/preprocessing/data/Mensa_55.txt,False,Mensa
356,Waermflasche_18,/aisscv/preprocessing/data/Waermflasche_18.jpg,/aisscv/preprocessing/data/Waermflasche_18.txt,False,Waermflasche
357,Studierendenwerk_44,/aisscv/preprocessing/data/Studierendenwerk_44.jpg,/aisscv/preprocessing/data/Studierendenwerk_44.txt,False,Studierendenwerk
358,Haber_Bosch_35,/aisscv/preprocessing/data/Haber_Bosch_35.jpg,/aisscv/preprocessing/data/Haber_Bosch_35.txt,False,Haber_Bosch
359,Kolben_32,/aisscv/preprocessing/data/Kolben_32.jpg,/aisscv/preprocessing/data/Kolben_32.txt,False,Kolben
360,Waermflasche_52,/aisscv/preprocessing/data/Waermflasche_52.jpg,/aisscv/preprocessing/data/Waermflasche_52.txt,False,Waermflasche
361,Alte_Bib_72,/aisscv/preprocessing/data/Alte_Bib_72.jpg,/aisscv/preprocessing/data/Alte_Bib_72.txt,False,Alte_Bib
362,Gruenderschmiede_40,/aisscv/preprocessing/data/Gruenderschmiede_40.jpg,/aisscv/preprocessing/data/Gruenderschmiede_40.txt,False,Gruenderschmiede
363,Lernzentrum_13,/aisscv/preprocessing/data/Lernzentrum_13.jpg,/aisscv/preprocessing/data/Lernzentrum_13.txt,False,Lernzentrum
364,Studierendenwerk_39,/aisscv/preprocessing/data/Studierendenwerk_39.jpg,/aisscv/preprocessing/data/Studierendenwerk_39.txt,False,Studierendenwerk
365,Alte_Bib_70,/aisscv/preprocessing/data/Alte_Bib_70.jpg,/aisscv/preprocessing/data/Alte_Bib_70.txt,False,Alte_Bib
366,Lernzentrum_19,/aisscv/preprocessing/data/Lernzentrum_19.jpg,/aisscv/preprocessing/data/Lernzentrum_19.txt,False,Lernzentrum
367,Lernzentrum_24,/aisscv/preprocessing/data/Lernzentrum_24.jpg,/aisscv/preprocessing/data/Lernzentrum_24.txt,False,Lernzentrum
368,Audimax_38,/aisscv/preprocessing/data/Audimax_38.jpg,/aisscv/preprocessing/data/Audimax_38.txt,False,Audimax
369,Mathebau_32,/aisscv/preprocessing/data/Mathebau_32.jpg,/aisscv/preprocessing/data/Mathebau_32.txt,False,Mathebau
370,Mensa_2,/aisscv/preprocessing/data/Mensa_2.jpg,/aisscv/preprocessing/data/Mensa_2.txt,False,Mensa
371,Studierendenwerk_28,/aisscv/preprocessing/data/Studierendenwerk_28.jpg,/aisscv/preprocessing/data/Studierendenwerk_28.txt,False,Studierendenwerk
372,Studierendenwerk_3,/aisscv/preprocessing/data/Studierendenwerk_3.jpg,/aisscv/preprocessing/data/Studierendenwerk_3.txt,False,Studierendenwerk
373,AKK_ASTA_72,/aisscv/preprocessing/data/AKK_ASTA_72.jpg,/aisscv/preprocessing/data/AKK_ASTA_72.txt,False,AKK_ASTA
374,Waermflasche_94,/aisscv/preprocessing/data/Waermflasche_94.jpg,/aisscv/preprocessing/data/Waermflasche_94.txt,False,Waermflasche
375,Waermflasche_75,/aisscv/preprocessing/data/Waermflasche_75.jpg,/aisscv/preprocessing/data/Waermflasche_75.txt,False,Waermflasche
376,Mensa_11,/aisscv/preprocessing/data/Mensa_11.jpg,/aisscv/preprocessing/data/Mensa_11.txt,False,Mensa
377,Neue_Bib_18,/aisscv/preprocessing/data/Neue_Bib_18.jpg,/aisscv/preprocessing/data/Neue_Bib_18.txt,False,Neue_Bib
378,Soldat_21,/aisscv/preprocessing/data/Soldat_21.jpg,/aisscv/preprocessing/data/Soldat_21.txt,False,Soldat
379,Waermflasche_83,/aisscv/preprocessing/data/Waermflasche_83.jpg,/aisscv/preprocessing/data/Waermflasche_83.txt,False,Waermflasche
380,Haber_Bosch_16,/aisscv/preprocessing/data/Haber_Bosch_16.jpg,/aisscv/preprocessing/data/Haber_Bosch_16.txt,False,Haber_Bosch
381,Studierendenwerk_38,/aisscv/preprocessing/data/Studierendenwerk_38.jpg,/aisscv/preprocessing/data/Studierendenwerk_38.txt,False,Studierendenwerk
382,Alte_Bib_24,/aisscv/preprocessing/data/Alte_Bib_24.jpg,/aisscv/preprocessing/data/Alte_Bib_24.txt,False,Alte_Bib
383,Waermflasche_14,/aisscv/preprocessing/data/Waermflasche_14.jpg,/aisscv/preprocessing/data/Waermflasche_14.txt,False,Waermflasche
384,Haber_Bosch_62,/aisscv/preprocessing/data/Haber_Bosch_62.jpg,/aisscv/preprocessing/data/Haber_Bosch_62.txt,False,Haber_Bosch
385,AKK_ASTA_57,/aisscv/preprocessing/data/AKK_ASTA_57.jpg,/aisscv/preprocessing/data/AKK_ASTA_57.txt,False,AKK_ASTA
386,Mathebau_19,/aisscv/preprocessing/data/Mathebau_19.jpg,/aisscv/preprocessing/data/Mathebau_19.txt,False,Mathebau
387,Mensa_19,/aisscv/preprocessing/data/Mensa_19.jpg,/aisscv/preprocessing/data/Mensa_19.txt,False,Mensa
388,Neue_Bib_1,/aisscv/preprocessing/data/Neue_Bib_1.jpg,/aisscv/preprocessing/data/Neue_Bib_1.txt,False,Neue_Bib
389,Kolben_51,/aisscv/preprocessing/data/Kolben_51.jpg,/aisscv/preprocessing/data/Kolben_51.txt,False,Kolben
390,AKK_ASTA_58,/aisscv/preprocessing/data/AKK_ASTA_58.jpg,/aisscv/preprocessing/data/AKK_ASTA_58.txt,False,AKK_ASTA
391,Haber_Bosch_32,/aisscv/preprocessing/data/Haber_Bosch_32.jpg,/aisscv/preprocessing/data/Haber_Bosch_32.txt,False,Haber_Bosch
392,Studierendenwerk_54,/aisscv/preprocessing/data/Studierendenwerk_54.jpg,/aisscv/preprocessing/data/Studierendenwerk_54.txt,False,Studierendenwerk
393,Gruenderschmiede_31,/aisscv/preprocessing/data/Gruenderschmiede_31.jpg,/aisscv/preprocessing/data/Gruenderschmiede_31.txt,False,Gruenderschmiede
394,Mathebau_7,/aisscv/preprocessing/data/Mathebau_7.jpg,/aisscv/preprocessing/data/Mathebau_7.txt,False,Mathebau
395,Studierendenwerk_45,/aisscv/preprocessing/data/Studierendenwerk_45.jpg,/aisscv/preprocessing/data/Studierendenwerk_45.txt,False,Studierendenwerk
396,AKK_ASTA_17,/aisscv/preprocessing/data/AKK_ASTA_17.jpg,/aisscv/preprocessing/data/AKK_ASTA_17.txt,False,AKK_ASTA
397,Kopf_31,/aisscv/preprocessing/data/Kopf_31.jpg,/aisscv/preprocessing/data/Kopf_31.txt,False,Kopf
398,AKK_ASTA_46,/aisscv/preprocessing/data/AKK_ASTA_46.jpg,/aisscv/preprocessing/data/AKK_ASTA_46.txt,False,AKK_ASTA
399,Waermflasche_38,/aisscv/preprocessing/data/Waermflasche_38.jpg,/aisscv/preprocessing/data/Waermflasche_38.txt,False,Waermflasche
400,No_Label_32,/aisscv/preprocessing/data/No_Label_32.jpg,/aisscv/preprocessing/data/No_Label_32.txt,False,No_Label
401,Haber_Bosch_39,/aisscv/preprocessing/data/Haber_Bosch_39.jpg,/aisscv/preprocessing/data/Haber_Bosch_39.txt,False,Haber_Bosch
402,Mathebau_41,/aisscv/preprocessing/data/Mathebau_41.jpg,/aisscv/preprocessing/data/Mathebau_41.txt,False,Mathebau
403,Lernzentrum_68,/aisscv/preprocessing/data/Lernzentrum_68.jpg,/aisscv/preprocessing/data/Lernzentrum_68.txt,False,Lernzentrum
404,Haber_Bosch_56,/aisscv/preprocessing/data/Haber_Bosch_56.jpg,/aisscv/preprocessing/data/Haber_Bosch_56.txt,False,Haber_Bosch
405,Soldat_20,/aisscv/preprocessing/data/Soldat_20.jpg,/aisscv/preprocessing/data/Soldat_20.txt,False,Soldat
406,Neue_Bib_11,/aisscv/preprocessing/data/Neue_Bib_11.jpg,/aisscv/preprocessing/data/Neue_Bib_11.txt,False,Neue_Bib
407,Gruenderschmiede_28,/aisscv/preprocessing/data/Gruenderschmiede_28.jpg,/aisscv/preprocessing/data/Gruenderschmiede_28.txt,False,Gruenderschmiede
408,Gruenderschmiede_44,/aisscv/preprocessing/data/Gruenderschmiede_44.jpg,/aisscv/preprocessing/data/Gruenderschmiede_44.txt,False,Gruenderschmiede
409,Audimax_24,/aisscv/preprocessing/data/Audimax_24.jpg,/aisscv/preprocessing/data/Audimax_24.txt,False,Audimax
410,Neue_Bib_15,/aisscv/preprocessing/data/Neue_Bib_15.jpg,/aisscv/preprocessing/data/Neue_Bib_15.txt,False,Neue_Bib
411,Mathebau_50,/aisscv/preprocessing/data/Mathebau_50.jpg,/aisscv/preprocessing/data/Mathebau_50.txt,False,Mathebau
412,Lernzentrum_73,/aisscv/preprocessing/data/Lernzentrum_73.jpg,/aisscv/preprocessing/data/Lernzentrum_73.txt,False,Lernzentrum
413,No_Label_39,/aisscv/preprocessing/data/No_Label_39.jpg,/aisscv/preprocessing/data/No_Label_39.txt,False,No_Label
414,Studierendenwerk_51,/aisscv/preprocessing/data/Studierendenwerk_51.jpg,/aisscv/preprocessing/data/Studierendenwerk_51.txt,False,Studierendenwerk
415,Mensa_69,/aisscv/preprocessing/data/Mensa_69.jpg,/aisscv/preprocessing/data/Mensa_69.txt,False,Mensa
416,Gruenderschmiede_6,/aisscv/preprocessing/data/Gruenderschmiede_6.jpg,/aisscv/preprocessing/data/Gruenderschmiede_6.txt,False,Gruenderschmiede
417,Waermflasche_11,/aisscv/preprocessing/data/Waermflasche_11.jpg,/aisscv/preprocessing/data/Waermflasche_11.txt,False,Waermflasche
418,Gruenderschmiede_9,/aisscv/preprocessing/data/Gruenderschmiede_9.jpg,/aisscv/preprocessing/data/Gruenderschmiede_9.txt,False,Gruenderschmiede
419,Gruenderschmiede_26,/aisscv/preprocessing/data/Gruenderschmiede_26.jpg,/aisscv/preprocessing/data/Gruenderschmiede_26.txt,False,Gruenderschmiede
420,Alte_Bib_10,/aisscv/preprocessing/data/Alte_Bib_10.jpg,/aisscv/preprocessing/data/Alte_Bib_10.txt,False,Alte_Bib
421,Alte_Bib_96,/aisscv/preprocessing/data/Alte_Bib_96.jpg,/aisscv/preprocessing/data/Alte_Bib_96.txt,False,Alte_Bib
422,No_Label_14,/aisscv/preprocessing/data/No_Label_14.jpg,/aisscv/preprocessing/data/No_Label_14.txt,False,No_Label
423,Alte_Bib_89,/aisscv/preprocessing/data/Alte_Bib_89.jpg,/aisscv/preprocessing/data/Alte_Bib_89.txt,False,Alte_Bib
424,No_Label_44,/aisscv/preprocessing/data/No_Label_44.jpg,/aisscv/preprocessing/data/No_Label_44.txt,False,No_Label
425,Kolben_3,/aisscv/preprocessing/data/Kolben_3.jpg,/aisscv/preprocessing/data/Kolben_3.txt,False,Kolben
426,Alte_Bib_34,/aisscv/preprocessing/data/Alte_Bib_34.jpg,/aisscv/preprocessing/data/Alte_Bib_34.txt,False,Alte_Bib
427,Soldat_53,/aisscv/preprocessing/data/Soldat_53.jpg,/aisscv/preprocessing/data/Soldat_53.txt,False,Soldat
428,Lernzentrum_2,/aisscv/preprocessing/data/Lernzentrum_2.jpg,/aisscv/preprocessing/data/Lernzentrum_2.txt,False,Lernzentrum
429,AKK_ASTA_52,/aisscv/preprocessing/data/AKK_ASTA_52.jpg,/aisscv/preprocessing/data/AKK_ASTA_52.txt,False,AKK_ASTA
430,Haber_Bosch_50,/aisscv/preprocessing/data/Haber_Bosch_50.jpg,/aisscv/preprocessing/data/Haber_Bosch_50.txt,False,Haber_Bosch
431,Gruenderschmiede_5,/aisscv/preprocessing/data/Gruenderschmiede_5.jpg,/aisscv/preprocessing/data/Gruenderschmiede_5.txt,False,Gruenderschmiede
432,Mensa_32,/aisscv/preprocessing/data/Mensa_32.jpg,/aisscv/preprocessing/data/Mensa_32.txt,False,Mensa
433,Waermflasche_89,/aisscv/preprocessing/data/Waermflasche_89.jpg,/aisscv/preprocessing/data/Waermflasche_89.txt,False,Waermflasche
434,AKK_ASTA_15,/aisscv/preprocessing/data/AKK_ASTA_15.jpg,/aisscv/preprocessing/data/AKK_ASTA_15.txt,False,AKK_ASTA
435,Alte_Bib_21,/aisscv/preprocessing/data/Alte_Bib_21.jpg,/aisscv/preprocessing/data/Alte_Bib_21.txt,False,Alte_Bib
436,Audimax_7,/aisscv/preprocessing/data/Audimax_7.jpg,/aisscv/preprocessing/data/Audimax_7.txt,False,Audimax
437,Kopf_94,/aisscv/preprocessing/data/Kopf_94.jpg,/aisscv/preprocessing/data/Kopf_94.txt,False,Kopf
438,Alte_Bib_53,/aisscv/preprocessing/data/Alte_Bib_53.jpg,/aisscv/preprocessing/data/Alte_Bib_53.txt,False,Alte_Bib
439,Mathebau_18,/aisscv/preprocessing/data/Mathebau_18.jpg,/aisscv/preprocessing/data/Mathebau_18.txt,False,Mathebau
440,Kolben_37,/aisscv/preprocessing/data/Kolben_37.jpg,/aisscv/preprocessing/data/Kolben_37.txt,False,Kolben
441,Alte_Bib_48,/aisscv/preprocessing/data/Alte_Bib_48.jpg,/aisscv/preprocessing/data/Alte_Bib_48.txt,False,Alte_Bib
442,Kopf_9,/aisscv/preprocessing/data/Kopf_9.jpg,/aisscv/preprocessing/data/Kopf_9.txt,False,Kopf
443,Alte_Bib_23,/aisscv/preprocessing/data/Alte_Bib_23.jpg,/aisscv/preprocessing/data/Alte_Bib_23.txt,False,Alte_Bib
444,Kopf_45,/aisscv/preprocessing/data/Kopf_45.jpg,/aisscv/preprocessing/data/Kopf_45.txt,False,Kopf
445,Waermflasche_28,/aisscv/preprocessing/data/Waermflasche_28.jpg,/aisscv/preprocessing/data/Waermflasche_28.txt,False,Waermflasche
446,Lernzentrum_8,/aisscv/preprocessing/data/Lernzentrum_8.jpg,/aisscv/preprocessing/data/Lernzentrum_8.txt,False,Lernzentrum
447,Neue_Bib_5,/aisscv/preprocessing/data/Neue_Bib_5.jpg,/aisscv/preprocessing/data/Neue_Bib_5.txt,False,Neue_Bib
448,Lernzentrum_61,/aisscv/preprocessing/data/Lernzentrum_61.jpg,/aisscv/preprocessing/data/Lernzentrum_61.txt,False,Lernzentrum
449,Soldat_47,/aisscv/preprocessing/data/Soldat_47.jpg,/aisscv/preprocessing/data/Soldat_47.txt,False,Soldat
450,Waermflasche_68,/aisscv/preprocessing/data/Waermflasche_68.jpg,/aisscv/preprocessing/data/Waermflasche_68.txt,False,Waermflasche
451,Mathebau_20,/aisscv/preprocessing/data/Mathebau_20.jpg,/aisscv/preprocessing/data/Mathebau_20.txt,False,Mathebau
452,AKK_ASTA_22,/aisscv/preprocessing/data/AKK_ASTA_22.jpg,/aisscv/preprocessing/data/AKK_ASTA_22.txt,False,AKK_ASTA
453,Alte_Bib_62,/aisscv/preprocessing/data/Alte_Bib_62.jpg,/aisscv/preprocessing/data/Alte_Bib_62.txt,False,Alte_Bib
454,Lernzentrum_46,/aisscv/preprocessing/data/Lernzentrum_46.jpg,/aisscv/preprocessing/data/Lernzentrum_46.txt,False,Lernzentrum
455,Studierendenwerk_7,/aisscv/preprocessing/data/Studierendenwerk_7.jpg,/aisscv/preprocessing/data/Studierendenwerk_7.txt,False,Studierendenwerk
456,Waermflasche_13,/aisscv/preprocessing/data/Waermflasche_13.jpg,/aisscv/preprocessing/data/Waermflasche_13.txt,False,Waermflasche
457,Alte_Bib_81,/aisscv/preprocessing/data/Alte_Bib_81.jpg,/aisscv/preprocessing/data/Alte_Bib_81.txt,False,Alte_Bib
458,Haber_Bosch_12,/aisscv/preprocessing/data/Haber_Bosch_12.jpg,/aisscv/preprocessing/data/Haber_Bosch_12.txt,False,Haber_Bosch
459,Audimax_12,/aisscv/preprocessing/data/Audimax_12.jpg,/aisscv/preprocessing/data/Audimax_12.txt,False,Audimax
460,Lernzentrum_48,/aisscv/preprocessing/data/Lernzentrum_48.jpg,/aisscv/preprocessing/data/Lernzentrum_48.txt,False,Lernzentrum
461,Alte_Bib_15,/aisscv/preprocessing/data/Alte_Bib_15.jpg,/aisscv/preprocessing/data/Alte_Bib_15.txt,False,Alte_Bib
462,Neue_Bib_36,/aisscv/preprocessing/data/Neue_Bib_36.jpg,/aisscv/preprocessing/data/Neue_Bib_36.txt,False,Neue_Bib
463,Waermflasche_67,/aisscv/preprocessing/data/Waermflasche_67.jpg,/aisscv/preprocessing/data/Waermflasche_67.txt,False,Waermflasche
464,AKK_ASTA_55,/aisscv/preprocessing/data/AKK_ASTA_55.jpg,/aisscv/preprocessing/data/AKK_ASTA_55.txt,False,AKK_ASTA
465,Kopf_86,/aisscv/preprocessing/data/Kopf_86.jpg,/aisscv/preprocessing/data/Kopf_86.txt,False,Kopf
466,Mensa_48,/aisscv/preprocessing/data/Mensa_48.jpg,/aisscv/preprocessing/data/Mensa_48.txt,False,Mensa
467,Kopf_58,/aisscv/preprocessing/data/Kopf_58.jpg,/aisscv/preprocessing/data/Kopf_58.txt,False,Kopf
468,Studierendenwerk_46,/aisscv/preprocessing/data/Studierendenwerk_46.jpg,/aisscv/preprocessing/data/Studierendenwerk_46.txt,False,Studierendenwerk
469,Neue_Bib_28,/aisscv/preprocessing/data/Neue_Bib_28.jpg,/aisscv/preprocessing/data/Neue_Bib_28.txt,False,Neue_Bib
470,AKK_ASTA_23,/aisscv/preprocessing/data/AKK_ASTA_23.jpg,/aisscv/preprocessing/data/AKK_ASTA_23.txt,False,AKK_ASTA
471,Gruenderschmiede_48,/aisscv/preprocessing/data/Gruenderschmiede_48.jpg,/aisscv/preprocessing/data/Gruenderschmiede_48.txt,False,Gruenderschmiede
472,Kolben_47,/aisscv/preprocessing/data/Kolben_47.jpg,/aisscv/preprocessing/data/Kolben_47.txt,False,Kolben
473,Mensa_36,/aisscv/preprocessing/data/Mensa_36.jpg,/aisscv/preprocessing/data/Mensa_36.txt,False,Mensa
474,Neue_Bib_9,/aisscv/preprocessing/data/Neue_Bib_9.jpg,/aisscv/preprocessing/data/Neue_Bib_9.txt,False,Neue_Bib
475,Alte_Bib_37,/aisscv/preprocessing/data/Alte_Bib_37.jpg,/aisscv/preprocessing/data/Alte_Bib_37.txt,False,Alte_Bib
476,Haber_Bosch_68,/aisscv/preprocessing/data/Haber_Bosch_68.jpg,/aisscv/preprocessing/data/Haber_Bosch_68.txt,False,Haber_Bosch
477,Haber_Bosch_38,/aisscv/preprocessing/data/Haber_Bosch_38.jpg,/aisscv/preprocessing/data/Haber_Bosch_38.txt,False,Haber_Bosch
478,Neue_Bib_32,/aisscv/preprocessing/data/Neue_Bib_32.jpg,/aisscv/preprocessing/data/Neue_Bib_32.txt,False,Neue_Bib
479,Studierendenwerk_15,/aisscv/preprocessing/data/Studierendenwerk_15.jpg,/aisscv/preprocessing/data/Studierendenwerk_15.txt,False,Studierendenwerk
480,No_Label_18,/aisscv/preprocessing/data/No_Label_18.jpg,/aisscv/preprocessing/data/No_Label_18.txt,False,No_Label
481,Neue_Bib_20,/aisscv/preprocessing/data/Neue_Bib_20.jpg,/aisscv/preprocessing/data/Neue_Bib_20.txt,False,Neue_Bib
482,Mensa_37,/aisscv/preprocessing/data/Mensa_37.jpg,/aisscv/preprocessing/data/Mensa_37.txt,False,Mensa
483,Waermflasche_16,/aisscv/preprocessing/data/Waermflasche_16.jpg,/aisscv/preprocessing/data/Waermflasche_16.txt,False,Waermflasche
484,Audimax_9,/aisscv/preprocessing/data/Audimax_9.jpg,/aisscv/preprocessing/data/Audimax_9.txt,False,Audimax
485,Kopf_27,/aisscv/preprocessing/data/Kopf_27.jpg,/aisscv/preprocessing/data/Kopf_27.txt,False,Kopf
486,No_Label_8,/aisscv/preprocessing/data/No_Label_8.jpg,/aisscv/preprocessing/data/No_Label_8.txt,False,No_Label
487,Gruenderschmiede_22,/aisscv/preprocessing/data/Gruenderschmiede_22.jpg,/aisscv/preprocessing/data/Gruenderschmiede_22.txt,False,Gruenderschmiede
488,Haber_Bosch_34,/aisscv/preprocessing/data/Haber_Bosch_34.jpg,/aisscv/preprocessing/data/Haber_Bosch_34.txt,False,Haber_Bosch
489,AKK_ASTA_71,/aisscv/preprocessing/data/AKK_ASTA_71.jpg,/aisscv/preprocessing/data/AKK_ASTA_71.txt,False,AKK_ASTA
490,Waermflasche_79,/aisscv/preprocessing/data/Waermflasche_79.jpg,/aisscv/preprocessing/data/Waermflasche_79.txt,False,Waermflasche
491,Kopf_91,/aisscv/preprocessing/data/Kopf_91.jpg,/aisscv/preprocessing/data/Kopf_91.txt,False,Kopf
492,Mathebau_36,/aisscv/preprocessing/data/Mathebau_36.jpg,/aisscv/preprocessing/data/Mathebau_36.txt,False,Mathebau
493,Haber_Bosch_69,/aisscv/preprocessing/data/Haber_Bosch_69.jpg,/aisscv/preprocessing/data/Haber_Bosch_69.txt,False,Haber_Bosch
494,Kopf_4,/aisscv/preprocessing/data/Kopf_4.jpg,/aisscv/preprocessing/data/Kopf_4.txt,False,Kopf
495,Waermflasche_74,/aisscv/preprocessing/data/Waermflasche_74.jpg,/aisscv/preprocessing/data/Waermflasche_74.txt,False,Waermflasche
496,Mathebau_47,/aisscv/preprocessing/data/Mathebau_47.jpg,/aisscv/preprocessing/data/Mathebau_47.txt,False,Mathebau
497,Alte_Bib_82,/aisscv/preprocessing/data/Alte_Bib_82.jpg,/aisscv/preprocessing/data/Alte_Bib_82.txt,False,Alte_Bib
498,Waermflasche_36,/aisscv/preprocessing/data/Waermflasche_36.jpg,/aisscv/preprocessing/data/Waermflasche_36.txt,False,Waermflasche
499,Mensa_6,/aisscv/preprocessing/data/Mensa_6.jpg,/aisscv/preprocessing/data/Mensa_6.txt,False,Mensa
500,Alte_Bib_73,/aisscv/preprocessing/data/Alte_Bib_73.jpg,/aisscv/preprocessing/data/Alte_Bib_73.txt,False,Alte_Bib
501,Kopf_76,/aisscv/preprocessing/data/Kopf_76.jpg,/aisscv/preprocessing/data/Kopf_76.txt,False,Kopf
502,Mensa_42,/aisscv/preprocessing/data/Mensa_42.jpg,/aisscv/preprocessing/data/Mensa_42.txt,False,Mensa
503,Kopf_35,/aisscv/preprocessing/data/Kopf_35.jpg,/aisscv/preprocessing/data/Kopf_35.txt,False,Kopf
504,Soldat_45,/aisscv/preprocessing/data/Soldat_45.jpg,/aisscv/preprocessing/data/Soldat_45.txt,False,Soldat
505,Lernzentrum_30,/aisscv/preprocessing/data/Lernzentrum_30.jpg,/aisscv/preprocessing/data/Lernzentrum_30.txt,False,Lernzentrum
506,Alte_Bib_13,/aisscv/preprocessing/data/Alte_Bib_13.jpg,/aisscv/preprocessing/data/Alte_Bib_13.txt,False,Alte_Bib
507,AKK_ASTA_53,/aisscv/preprocessing/data/AKK_ASTA_53.jpg,/aisscv/preprocessing/data/AKK_ASTA_53.txt,False,AKK_ASTA
508,Audimax_6,/aisscv/preprocessing/data/Audimax_6.jpg,/aisscv/preprocessing/data/Audimax_6.txt,False,Audimax
509,Mensa_72,/aisscv/preprocessing/data/Mensa_72.jpg,/aisscv/preprocessing/data/Mensa_72.txt,False,Mensa
510,Audimax_22,/aisscv/preprocessing/data/Audimax_22.jpg,/aisscv/preprocessing/data/Audimax_22.txt,False,Audimax
511,Soldat_32,/aisscv/preprocessing/data/Soldat_32.jpg,/aisscv/preprocessing/data/Soldat_32.txt,False,Soldat
512,Soldat_30,/aisscv/preprocessing/data/Soldat_30.jpg,/aisscv/preprocessing/data/Soldat_30.txt,False,Soldat
513,Alte_Bib_40,/aisscv/preprocessing/data/Alte_Bib_40.jpg,/aisscv/preprocessing/data/Alte_Bib_40.txt,False,Alte_Bib
514,Waermflasche_10,/aisscv/preprocessing/data/Waermflasche_10.jpg,/aisscv/preprocessing/data/Waermflasche_10.txt,False,Waermflasche
515,Soldat_54,/aisscv/preprocessing/data/Soldat_54.jpg,/aisscv/preprocessing/data/Soldat_54.txt,False,Soldat
516,Lernzentrum_22,/aisscv/preprocessing/data/Lernzentrum_22.jpg,/aisscv/preprocessing/data/Lernzentrum_22.txt,False,Lernzentrum
517,Mensa_14,/aisscv/preprocessing/data/Mensa_14.jpg,/aisscv/preprocessing/data/Mensa_14.txt,False,Mensa
518,Kopf_67,/aisscv/preprocessing/data/Kopf_67.jpg,/aisscv/preprocessing/data/Kopf_67.txt,False,Kopf
519,Kolben_36,/aisscv/preprocessing/data/Kolben_36.jpg,/aisscv/preprocessing/data/Kolben_36.txt,False,Kolben
520,Kopf_12,/aisscv/preprocessing/data/Kopf_12.jpg,/aisscv/preprocessing/data/Kopf_12.txt,False,Kopf
521,Studierendenwerk_34,/aisscv/preprocessing/data/Studierendenwerk_34.jpg,/aisscv/preprocessing/data/Studierendenwerk_34.txt,False,Studierendenwerk
522,AKK_ASTA_63,/aisscv/preprocessing/data/AKK_ASTA_63.jpg,/aisscv/preprocessing/data/AKK_ASTA_63.txt,False,AKK_ASTA
523,AKK_ASTA_49,/aisscv/preprocessing/data/AKK_ASTA_49.jpg,/aisscv/preprocessing/data/AKK_ASTA_49.txt,False,AKK_ASTA
524,Mathebau_21,/aisscv/preprocessing/data/Mathebau_21.jpg,/aisscv/preprocessing/data/Mathebau_21.txt,False,Mathebau
525,Lernzentrum_70,/aisscv/preprocessing/data/Lernzentrum_70.jpg,/aisscv/preprocessing/data/Lernzentrum_70.txt,False,Lernzentrum
526,Audimax_33,/aisscv/preprocessing/data/Audimax_33.jpg,/aisscv/preprocessing/data/Audimax_33.txt,False,Audimax
527,Soldat_49,/aisscv/preprocessing/data/Soldat_49.jpg,/aisscv/preprocessing/data/Soldat_49.txt,False,Soldat
528,Alte_Bib_43,/aisscv/preprocessing/data/Alte_Bib_43.jpg,/aisscv/preprocessing/data/Alte_Bib_43.txt,False,Alte_Bib
529,Gruenderschmiede_36,/aisscv/preprocessing/data/Gruenderschmiede_36.jpg,/aisscv/preprocessing/data/Gruenderschmiede_36.txt,False,Gruenderschmiede
530,Waermflasche_93,/aisscv/preprocessing/data/Waermflasche_93.jpg,/aisscv/preprocessing/data/Waermflasche_93.txt,False,Waermflasche
531,Soldat_50,/aisscv/preprocessing/data/Soldat_50.jpg,/aisscv/preprocessing/data/Soldat_50.txt,False,Soldat
532,Mathebau_33,/aisscv/preprocessing/data/Mathebau_33.jpg,/aisscv/preprocessing/data/Mathebau_33.txt,False,Mathebau
533,Mensa_7,/aisscv/preprocessing/data/Mensa_7.jpg,/aisscv/preprocessing/data/Mensa_7.txt,False,Mensa
534,Kopf_42,/aisscv/preprocessing/data/Kopf_42.jpg,/aisscv/preprocessing/data/Kopf_42.txt,False,Kopf
535,AKK_ASTA_35,/aisscv/preprocessing/data/AKK_ASTA_35.jpg,/aisscv/preprocessing/data/AKK_ASTA_35.txt,False,AKK_ASTA
536,Kolben_53,/aisscv/preprocessing/data/Kolben_53.jpg,/aisscv/preprocessing/data/Kolben_53.txt,False,Kolben
537,Kopf_5,/aisscv/preprocessing/data/Kopf_5.jpg,/aisscv/preprocessing/data/Kopf_5.txt,False,Kopf
538,No_Label_49,/aisscv/preprocessing/data/No_Label_49.jpg,/aisscv/preprocessing/data/No_Label_49.txt,False,No_Label
539,Kopf_10,/aisscv/preprocessing/data/Kopf_10.jpg,/aisscv/preprocessing/data/Kopf_10.txt,False,Kopf
540,Audimax_26,/aisscv/preprocessing/data/Audimax_26.jpg,/aisscv/preprocessing/data/Audimax_26.txt,False,Audimax
541,Haber_Bosch_54,/aisscv/preprocessing/data/Haber_Bosch_54.jpg,/aisscv/preprocessing/data/Haber_Bosch_54.txt,False,Haber_Bosch
542,Alte_Bib_91,/aisscv/preprocessing/data/Alte_Bib_91.jpg,/aisscv/preprocessing/data/Alte_Bib_91.txt,False,Alte_Bib
543,Gruenderschmiede_8,/aisscv/preprocessing/data/Gruenderschmiede_8.jpg,/aisscv/preprocessing/data/Gruenderschmiede_8.txt,False,Gruenderschmiede
544,Kolben_12,/aisscv/preprocessing/data/Kolben_12.jpg,/aisscv/preprocessing/data/Kolben_12.txt,False,Kolben
545,Haber_Bosch_26,/aisscv/preprocessing/data/Haber_Bosch_26.jpg,/aisscv/preprocessing/data/Haber_Bosch_26.txt,False,Haber_Bosch
546,Haber_Bosch_13,/aisscv/preprocessing/data/Haber_Bosch_13.jpg,/aisscv/preprocessing/data/Haber_Bosch_13.txt,False,Haber_Bosch
547,Kolben_38,/aisscv/preprocessing/data/Kolben_38.jpg,/aisscv/preprocessing/data/Kolben_38.txt,False,Kolben
548,AKK_ASTA_28,/aisscv/preprocessing/data/AKK_ASTA_28.jpg,/aisscv/preprocessing/data/AKK_ASTA_28.txt,False,AKK_ASTA
549,Mensa_54,/aisscv/preprocessing/data/Mensa_54.jpg,/aisscv/preprocessing/data/Mensa_54.txt,False,Mensa
550,Lernzentrum_57,/aisscv/preprocessing/data/Lernzentrum_57.jpg,/aisscv/preprocessing/data/Lernzentrum_57.txt,False,Lernzentrum
551,AKK_ASTA_29,/aisscv/preprocessing/data/AKK_ASTA_29.jpg,/aisscv/preprocessing/data/AKK_ASTA_29.txt,False,AKK_ASTA
552,Soldat_48,/aisscv/preprocessing/data/Soldat_48.jpg,/aisscv/preprocessing/data/Soldat_48.txt,False,Soldat
553,Audimax_30,/aisscv/preprocessing/data/Audimax_30.jpg,/aisscv/preprocessing/data/Audimax_30.txt,False,Audimax
554,AKK_ASTA_26,/aisscv/preprocessing/data/AKK_ASTA_26.jpg,/aisscv/preprocessing/data/AKK_ASTA_26.txt,False,AKK_ASTA
555,Lernzentrum_45,/aisscv/preprocessing/data/Lernzentrum_45.jpg,/aisscv/preprocessing/data/Lernzentrum_45.txt,False,Lernzentrum
556,No_Label_19,/aisscv/preprocessing/data/No_Label_19.jpg,/aisscv/preprocessing/data/No_Label_19.txt,False,No_Label
557,Kolben_35,/aisscv/preprocessing/data/Kolben_35.jpg,/aisscv/preprocessing/data/Kolben_35.txt,False,Kolben
558,Haber_Bosch_21,/aisscv/preprocessing/data/Haber_Bosch_21.jpg,/aisscv/preprocessing/data/Haber_Bosch_21.txt,False,Haber_Bosch
559,No_Label_28,/aisscv/preprocessing/data/No_Label_28.jpg,/aisscv/preprocessing/data/No_Label_28.txt,False,No_Label
560,AKK_ASTA_5,/aisscv/preprocessing/data/AKK_ASTA_5.jpg,/aisscv/preprocessing/data/AKK_ASTA_5.txt,False,AKK_ASTA
561,Audimax_25,/aisscv/preprocessing/data/Audimax_25.jpg,/aisscv/preprocessing/data/Audimax_25.txt,False,Audimax
562,Soldat_51,/aisscv/preprocessing/data/Soldat_51.jpg,/aisscv/preprocessing/data/Soldat_51.txt,False,Soldat
563,Kopf_97,/aisscv/preprocessing/data/Kopf_97.jpg,/aisscv/preprocessing/data/Kopf_97.txt,False,Kopf
564,Soldat_11,/aisscv/preprocessing/data/Soldat_11.jpg,/aisscv/preprocessing/data/Soldat_11.txt,False,Soldat
565,Mensa_58,/aisscv/preprocessing/data/Mensa_58.jpg,/aisscv/preprocessing/data/Mensa_58.txt,False,Mensa
566,Haber_Bosch_15,/aisscv/preprocessing/data/Haber_Bosch_15.jpg,/aisscv/preprocessing/data/Haber_Bosch_15.txt,False,Haber_Bosch
567,No_Label_27,/aisscv/preprocessing/data/No_Label_27.jpg,/aisscv/preprocessing/data/No_Label_27.txt,False,No_Label
568,Alte_Bib_66,/aisscv/preprocessing/data/Alte_Bib_66.jpg,/aisscv/preprocessing/data/Alte_Bib_66.txt,False,Alte_Bib
569,Mensa_95,/aisscv/preprocessing/data/Mensa_95.jpg,/aisscv/preprocessing/data/Mensa_95.txt,False,Mensa
570,Kolben_59,/aisscv/preprocessing/data/Kolben_59.jpg,/aisscv/preprocessing/data/Kolben_59.txt,False,Kolben
571,AKK_ASTA_41,/aisscv/preprocessing/data/AKK_ASTA_41.jpg,/aisscv/preprocessing/data/AKK_ASTA_41.txt,False,AKK_ASTA
572,Kolben_26,/aisscv/preprocessing/data/Kolben_26.jpg,/aisscv/preprocessing/data/Kolben_26.txt,False,Kolben
573,Waermflasche_23,/aisscv/preprocessing/data/Waermflasche_23.jpg,/aisscv/preprocessing/data/Waermflasche_23.txt,False,Waermflasche
574,Kolben_18,/aisscv/preprocessing/data/Kolben_18.jpg,/aisscv/preprocessing/data/Kolben_18.txt,False,Kolben
575,Waermflasche_60,/aisscv/preprocessing/data/Waermflasche_60.jpg,/aisscv/preprocessing/data/Waermflasche_60.txt,False,Waermflasche
576,No_Label_17,/aisscv/preprocessing/data/No_Label_17.jpg,/aisscv/preprocessing/data/No_Label_17.txt,False,No_Label
577,Audimax_41,/aisscv/preprocessing/data/Audimax_41.jpg,/aisscv/preprocessing/data/Audimax_41.txt,False,Audimax
578,AKK_ASTA_9,/aisscv/preprocessing/data/AKK_ASTA_9.jpg,/aisscv/preprocessing/data/AKK_ASTA_9.txt,False,AKK_ASTA
579,Alte_Bib_38,/aisscv/preprocessing/data/Alte_Bib_38.jpg,/aisscv/preprocessing/data/Alte_Bib_38.txt,False,Alte_Bib
580,AKK_ASTA_47,/aisscv/preprocessing/data/AKK_ASTA_47.jpg,/aisscv/preprocessing/data/AKK_ASTA_47.txt,False,AKK_ASTA
581,AKK_ASTA_50,/aisscv/preprocessing/data/AKK_ASTA_50.jpg,/aisscv/preprocessing/data/AKK_ASTA_50.txt,False,AKK_ASTA
582,AKK_ASTA_36,/aisscv/preprocessing/data/AKK_ASTA_36.jpg,/aisscv/preprocessing/data/AKK_ASTA_36.txt,False,AKK_ASTA
583,Mathebau_11,/aisscv/preprocessing/data/Mathebau_11.jpg,/aisscv/preprocessing/data/Mathebau_11.txt,False,Mathebau
584,Kopf_21,/aisscv/preprocessing/data/Kopf_21.jpg,/aisscv/preprocessing/data/Kopf_21.txt,False,Kopf
585,Soldat_52,/aisscv/preprocessing/data/Soldat_52.jpg,/aisscv/preprocessing/data/Soldat_52.txt,False,Soldat
586,Kolben_66,/aisscv/preprocessing/data/Kolben_66.jpg,/aisscv/preprocessing/data/Kolben_66.txt,False,Kolben
587,Kopf_70,/aisscv/preprocessing/data/Kopf_70.jpg,/aisscv/preprocessing/data/Kopf_70.txt,False,Kopf
588,Haber_Bosch_28,/aisscv/preprocessing/data/Haber_Bosch_28.jpg,/aisscv/preprocessing/data/Haber_Bosch_28.txt,False,Haber_Bosch
589,Mensa_12,/aisscv/preprocessing/data/Mensa_12.jpg,/aisscv/preprocessing/data/Mensa_12.txt,False,Mensa
590,Alte_Bib_25,/aisscv/preprocessing/data/Alte_Bib_25.jpg,/aisscv/preprocessing/data/Alte_Bib_25.txt,False,Alte_Bib
591,Neue_Bib_31,/aisscv/preprocessing/data/Neue_Bib_31.jpg,/aisscv/preprocessing/data/Neue_Bib_31.txt,False,Neue_Bib
592,Waermflasche_39,/aisscv/preprocessing/data/Waermflasche_39.jpg,/aisscv/preprocessing/data/Waermflasche_39.txt,False,Waermflasche
593,Gruenderschmiede_32,/aisscv/preprocessing/data/Gruenderschmiede_32.jpg,/aisscv/preprocessing/data/Gruenderschmiede_32.txt,False,Gruenderschmiede
594,Kopf_89,/aisscv/preprocessing/data/Kopf_89.jpg,/aisscv/preprocessing/data/Kopf_89.txt,False,Kopf
595,Neue_Bib_37,/aisscv/preprocessing/data/Neue_Bib_37.jpg,/aisscv/preprocessing/data/Neue_Bib_37.txt,False,Neue_Bib
596,Mathebau_9,/aisscv/preprocessing/data/Mathebau_9.jpg,/aisscv/preprocessing/data/Mathebau_9.txt,False,Mathebau
597,Mathebau_44,/aisscv/preprocessing/data/Mathebau_44.jpg,/aisscv/preprocessing/data/Mathebau_44.txt,False,Mathebau
598,Mathebau_2,/aisscv/preprocessing/data/Mathebau_2.jpg,/aisscv/preprocessing/data/Mathebau_2.txt,False,Mathebau
599,Alte_Bib_31,/aisscv/preprocessing/data/Alte_Bib_31.jpg,/aisscv/preprocessing/data/Alte_Bib_31.txt,False,Alte_Bib
600,Kopf_92,/aisscv/preprocessing/data/Kopf_92.jpg,/aisscv/preprocessing/data/Kopf_92.txt,False,Kopf
601,Mensa_50,/aisscv/preprocessing/data/Mensa_50.jpg,/aisscv/preprocessing/data/Mensa_50.txt,False,Mensa
602,Kopf_79,/aisscv/preprocessing/data/Kopf_79.jpg,/aisscv/preprocessing/data/Kopf_79.txt,False,Kopf
603,Lernzentrum_69,/aisscv/preprocessing/data/Lernzentrum_69.jpg,/aisscv/preprocessing/data/Lernzentrum_69.txt,False,Lernzentrum
604,Waermflasche_47,/aisscv/preprocessing/data/Waermflasche_47.jpg,/aisscv/preprocessing/data/Waermflasche_47.txt,False,Waermflasche
605,Waermflasche_37,/aisscv/preprocessing/data/Waermflasche_37.jpg,/aisscv/preprocessing/data/Waermflasche_37.txt,False,Waermflasche
606,Kopf_20,/aisscv/preprocessing/data/Kopf_20.jpg,/aisscv/preprocessing/data/Kopf_20.txt,False,Kopf
607,Studierendenwerk_36,/aisscv/preprocessing/data/Studierendenwerk_36.jpg,/aisscv/preprocessing/data/Studierendenwerk_36.txt,False,Studierendenwerk
608,Lernzentrum_35,/aisscv/preprocessing/data/Lernzentrum_35.jpg,/aisscv/preprocessing/data/Lernzentrum_35.txt,False,Lernzentrum
609,Kolben_44,/aisscv/preprocessing/data/Kolben_44.jpg,/aisscv/preprocessing/data/Kolben_44.txt,False,Kolben
610,Mensa_97,/aisscv/preprocessing/data/Mensa_97.jpg,/aisscv/preprocessing/data/Mensa_97.txt,False,Mensa
611,Waermflasche_35,/aisscv/preprocessing/data/Waermflasche_35.jpg,/aisscv/preprocessing/data/Waermflasche_35.txt,False,Waermflasche
612,Haber_Bosch_41,/aisscv/preprocessing/data/Haber_Bosch_41.jpg,/aisscv/preprocessing/data/Haber_Bosch_41.txt,False,Haber_Bosch
613,Kolben_21,/aisscv/preprocessing/data/Kolben_21.jpg,/aisscv/preprocessing/data/Kolben_21.txt,False,Kolben
614,Alte_Bib_26,/aisscv/preprocessing/data/Alte_Bib_26.jpg,/aisscv/preprocessing/data/Alte_Bib_26.txt,False,Alte_Bib
615,Kopf_88,/aisscv/preprocessing/data/Kopf_88.jpg,/aisscv/preprocessing/data/Kopf_88.txt,False,Kopf
616,Lernzentrum_40,/aisscv/preprocessing/data/Lernzentrum_40.jpg,/aisscv/preprocessing/data/Lernzentrum_40.txt,False,Lernzentrum
617,Kolben_50,/aisscv/preprocessing/data/Kolben_50.jpg,/aisscv/preprocessing/data/Kolben_50.txt,False,Kolben
618,Haber_Bosch_30,/aisscv/preprocessing/data/Haber_Bosch_30.jpg,/aisscv/preprocessing/data/Haber_Bosch_30.txt,False,Haber_Bosch
619,AKK_ASTA_2,/aisscv/preprocessing/data/AKK_ASTA_2.jpg,/aisscv/preprocessing/data/AKK_ASTA_2.txt,False,AKK_ASTA
620,Studierendenwerk_1,/aisscv/preprocessing/data/Studierendenwerk_1.jpg,/aisscv/preprocessing/data/Studierendenwerk_1.txt,False,Studierendenwerk
621,Waermflasche_69,/aisscv/preprocessing/data/Waermflasche_69.jpg,/aisscv/preprocessing/data/Waermflasche_69.txt,False,Waermflasche
622,Studierendenwerk_33,/aisscv/preprocessing/data/Studierendenwerk_33.jpg,/aisscv/preprocessing/data/Studierendenwerk_33.txt,False,Studierendenwerk
623,Neue_Bib_30,/aisscv/preprocessing/data/Neue_Bib_30.jpg,/aisscv/preprocessing/data/Neue_Bib_30.txt,False,Neue_Bib
624,Soldat_18,/aisscv/preprocessing/data/Soldat_18.jpg,/aisscv/preprocessing/data/Soldat_18.txt,False,Soldat
625,Mathebau_45,/aisscv/preprocessing/data/Mathebau_45.jpg,/aisscv/preprocessing/data/Mathebau_45.txt,False,Mathebau
626,Waermflasche_44,/aisscv/preprocessing/data/Waermflasche_44.jpg,/aisscv/preprocessing/data/Waermflasche_44.txt,False,Waermflasche
627,Neue_Bib_29,/aisscv/preprocessing/data/Neue_Bib_29.jpg,/aisscv/preprocessing/data/Neue_Bib_29.txt,False,Neue_Bib
628,Mathebau_17,/aisscv/preprocessing/data/Mathebau_17.jpg,/aisscv/preprocessing/data/Mathebau_17.txt,False,Mathebau
629,Kopf_7,/aisscv/preprocessing/data/Kopf_7.jpg,/aisscv/preprocessing/data/Kopf_7.txt,False,Kopf
630,Haber_Bosch_4,/aisscv/preprocessing/data/Haber_Bosch_4.jpg,/aisscv/preprocessing/data/Haber_Bosch_4.txt,False,Haber_Bosch
631,Waermflasche_7,/aisscv/preprocessing/data/Waermflasche_7.jpg,/aisscv/preprocessing/data/Waermflasche_7.txt,False,Waermflasche
632,Lernzentrum_10,/aisscv/preprocessing/data/Lernzentrum_10.jpg,/aisscv/preprocessing/data/Lernzentrum_10.txt,False,Lernzentrum
633,Kolben_6,/aisscv/preprocessing/data/Kolben_6.jpg,/aisscv/preprocessing/data/Kolben_6.txt,False,Kolben
634,Lernzentrum_9,/aisscv/preprocessing/data/Lernzentrum_9.jpg,/aisscv/preprocessing/data/Lernzentrum_9.txt,False,Lernzentrum
635,Waermflasche_63,/aisscv/preprocessing/data/Waermflasche_63.jpg,/aisscv/preprocessing/data/Waermflasche_63.txt,False,Waermflasche
636,Soldat_16,/aisscv/preprocessing/data/Soldat_16.jpg,/aisscv/preprocessing/data/Soldat_16.txt,False,Soldat
637,Alte_Bib_61,/aisscv/preprocessing/data/Alte_Bib_61.jpg,/aisscv/preprocessing/data/Alte_Bib_61.txt,False,Alte_Bib
638,Alte_Bib_2,/aisscv/preprocessing/data/Alte_Bib_2.jpg,/aisscv/preprocessing/data/Alte_Bib_2.txt,False,Alte_Bib
639,Kolben_2,/aisscv/preprocessing/data/Kolben_2.jpg,/aisscv/preprocessing/data/Kolben_2.txt,False,Kolben
640,Audimax_8,/aisscv/preprocessing/data/Audimax_8.jpg,/aisscv/preprocessing/data/Audimax_8.txt,False,Audimax
641,Kolben_17,/aisscv/preprocessing/data/Kolben_17.jpg,/aisscv/preprocessing/data/Kolben_17.txt,False,Kolben
642,Neue_Bib_2,/aisscv/preprocessing/data/Neue_Bib_2.jpg,/aisscv/preprocessing/data/Neue_Bib_2.txt,False,Neue_Bib
643,Studierendenwerk_49,/aisscv/preprocessing/data/Studierendenwerk_49.jpg,/aisscv/preprocessing/data/Studierendenwerk_49.txt,False,Studierendenwerk
644,Lernzentrum_39,/aisscv/preprocessing/data/Lernzentrum_39.jpg,/aisscv/preprocessing/data/Lernzentrum_39.txt,False,Lernzentrum
645,Soldat_42,/aisscv/preprocessing/data/Soldat_42.jpg,/aisscv/preprocessing/data/Soldat_42.txt,False,Soldat
646,Lernzentrum_53,/aisscv/preprocessing/data/Lernzentrum_53.jpg,/aisscv/preprocessing/data/Lernzentrum_53.txt,False,Lernzentrum
647,Gruenderschmiede_24,/aisscv/preprocessing/data/Gruenderschmiede_24.jpg,/aisscv/preprocessing/data/Gruenderschmiede_24.txt,False,Gruenderschmiede
648,Kopf_52,/aisscv/preprocessing/data/Kopf_52.jpg,/aisscv/preprocessing/data/Kopf_52.txt,False,Kopf
649,Gruenderschmiede_10,/aisscv/preprocessing/data/Gruenderschmiede_10.jpg,/aisscv/preprocessing/data/Gruenderschmiede_10.txt,False,Gruenderschmiede
650,Kopf_84,/aisscv/preprocessing/data/Kopf_84.jpg,/aisscv/preprocessing/data/Kopf_84.txt,False,Kopf
651,Alte_Bib_83,/aisscv/preprocessing/data/Alte_Bib_83.jpg,/aisscv/preprocessing/data/Alte_Bib_83.txt,False,Alte_Bib
652,Waermflasche_64,/aisscv/preprocessing/data/Waermflasche_64.jpg,/aisscv/preprocessing/data/Waermflasche_64.txt,False,Waermflasche
653,No_Label_37,/aisscv/preprocessing/data/No_Label_37.jpg,/aisscv/preprocessing/data/No_Label_37.txt,False,No_Label
654,Lernzentrum_20,/aisscv/preprocessing/data/Lernzentrum_20.jpg,/aisscv/preprocessing/data/Lernzentrum_20.txt,False,Lernzentrum
655,No_Label_42,/aisscv/preprocessing/data/No_Label_42.jpg,/aisscv/preprocessing/data/No_Label_42.txt,False,No_Label
656,Gruenderschmiede_12,/aisscv/preprocessing/data/Gruenderschmiede_12.jpg,/aisscv/preprocessing/data/Gruenderschmiede_12.txt,False,Gruenderschmiede
657,Kolben_57,/aisscv/preprocessing/data/Kolben_57.jpg,/aisscv/preprocessing/data/Kolben_57.txt,False,Kolben
658,Mathebau_12,/aisscv/preprocessing/data/Mathebau_12.jpg,/aisscv/preprocessing/data/Mathebau_12.txt,False,Mathebau
659,Studierendenwerk_10,/aisscv/preprocessing/data/Studierendenwerk_10.jpg,/aisscv/preprocessing/data/Studierendenwerk_10.txt,False,Studierendenwerk
660,No_Label_24,/aisscv/preprocessing/data/No_Label_24.jpg,/aisscv/preprocessing/data/No_Label_24.txt,False,No_Label
661,Gruenderschmiede_7,/aisscv/preprocessing/data/Gruenderschmiede_7.jpg,/aisscv/preprocessing/data/Gruenderschmiede_7.txt,False,Gruenderschmiede
662,AKK_ASTA_18,/aisscv/preprocessing/data/AKK_ASTA_18.jpg,/aisscv/preprocessing/data/AKK_ASTA_18.txt,False,AKK_ASTA
663,Audimax_40,/aisscv/preprocessing/data/Audimax_40.jpg,/aisscv/preprocessing/data/Audimax_40.txt,False,Audimax
664,Haber_Bosch_6,/aisscv/preprocessing/data/Haber_Bosch_6.jpg,/aisscv/preprocessing/data/Haber_Bosch_6.txt,False,Haber_Bosch
665,Neue_Bib_26,/aisscv/preprocessing/data/Neue_Bib_26.jpg,/aisscv/preprocessing/data/Neue_Bib_26.txt,False,Neue_Bib
666,Kopf_29,/aisscv/preprocessing/data/Kopf_29.jpg,/aisscv/preprocessing/data/Kopf_29.txt,False,Kopf
667,Mathebau_54,/aisscv/preprocessing/data/Mathebau_54.jpg,/aisscv/preprocessing/data/Mathebau_54.txt,False,Mathebau
668,Kolben_56,/aisscv/preprocessing/data/Kolben_56.jpg,/aisscv/preprocessing/data/Kolben_56.txt,False,Kolben
669,Soldat_23,/aisscv/preprocessing/data/Soldat_23.jpg,/aisscv/preprocessing/data/Soldat_23.txt,False,Soldat
670,Mensa_60,/aisscv/preprocessing/data/Mensa_60.jpg,/aisscv/preprocessing/data/Mensa_60.txt,False,Mensa
671,Alte_Bib_44,/aisscv/preprocessing/data/Alte_Bib_44.jpg,/aisscv/preprocessing/data/Alte_Bib_44.txt,False,Alte_Bib
672,Gruenderschmiede_16,/aisscv/preprocessing/data/Gruenderschmiede_16.jpg,/aisscv/preprocessing/data/Gruenderschmiede_16.txt,False,Gruenderschmiede
673,Kolben_55,/aisscv/preprocessing/data/Kolben_55.jpg,/aisscv/preprocessing/data/Kolben_55.txt,False,Kolben
674,Kopf_96,/aisscv/preprocessing/data/Kopf_96.jpg,/aisscv/preprocessing/data/Kopf_96.txt,False,Kopf
675,Soldat_38,/aisscv/preprocessing/data/Soldat_38.jpg,/aisscv/preprocessing/data/Soldat_38.txt,False,Soldat
676,Alte_Bib_55,/aisscv/preprocessing/data/Alte_Bib_55.jpg,/aisscv/preprocessing/data/Alte_Bib_55.txt,False,Alte_Bib
677,Audimax_32,/aisscv/preprocessing/data/Audimax_32.jpg,/aisscv/preprocessing/data/Audimax_32.txt,False,Audimax
678,No_Label_50,/aisscv/preprocessing/data/No_Label_50.jpg,/aisscv/preprocessing/data/No_Label_50.txt,False,No_Label
679,Alte_Bib_78,/aisscv/preprocessing/data/Alte_Bib_78.jpg,/aisscv/preprocessing/data/Alte_Bib_78.txt,False,Alte_Bib
680,AKK_ASTA_33,/aisscv/preprocessing/data/AKK_ASTA_33.jpg,/aisscv/preprocessing/data/AKK_ASTA_33.txt,False,AKK_ASTA
681,Alte_Bib_75,/aisscv/preprocessing/data/Alte_Bib_75.jpg,/aisscv/preprocessing/data/Alte_Bib_75.txt,False,Alte_Bib
682,Kolben_42,/aisscv/preprocessing/data/Kolben_42.jpg,/aisscv/preprocessing/data/Kolben_42.txt,False,Kolben
683,Kolben_31,/aisscv/preprocessing/data/Kolben_31.jpg,/aisscv/preprocessing/data/Kolben_31.txt,False,Kolben
684,Kopf_80,/aisscv/preprocessing/data/Kopf_80.jpg,/aisscv/preprocessing/data/Kopf_80.txt,False,Kopf
685,Mathebau_30,/aisscv/preprocessing/data/Mathebau_30.jpg,/aisscv/preprocessing/data/Mathebau_30.txt,False,Mathebau
686,Kolben_25,/aisscv/preprocessing/data/Kolben_25.jpg,/aisscv/preprocessing/data/Kolben_25.txt,False,Kolben
687,No_Label_34,/aisscv/preprocessing/data/No_Label_34.jpg,/aisscv/preprocessing/data/No_Label_34.txt,False,No_Label
688,Gruenderschmiede_21,/aisscv/preprocessing/data/Gruenderschmiede_21.jpg,/aisscv/preprocessing/data/Gruenderschmiede_21.txt,False,Gruenderschmiede
689,Studierendenwerk_13,/aisscv/preprocessing/data/Studierendenwerk_13.jpg,/aisscv/preprocessing/data/Studierendenwerk_13.txt,False,Studierendenwerk
690,Soldat_2,/aisscv/preprocessing/data/Soldat_2.jpg,/aisscv/preprocessing/data/Soldat_2.txt,False,Soldat
691,Kopf_75,/aisscv/preprocessing/data/Kopf_75.jpg,/aisscv/preprocessing/data/Kopf_75.txt,False,Kopf
692,Studierendenwerk_25,/aisscv/preprocessing/data/Studierendenwerk_25.jpg,/aisscv/preprocessing/data/Studierendenwerk_25.txt,False,Studierendenwerk
693,Audimax_59,/aisscv/preprocessing/data/Audimax_59.jpg,/aisscv/preprocessing/data/Audimax_59.txt,False,Audimax
694,No_Label_46,/aisscv/preprocessing/data/No_Label_46.jpg,/aisscv/preprocessing/data/No_Label_46.txt,False,No_Label
695,No_Label_7,/aisscv/preprocessing/data/No_Label_7.jpg,/aisscv/preprocessing/data/No_Label_7.txt,False,No_Label
696,Studierendenwerk_35,/aisscv/preprocessing/data/Studierendenwerk_35.jpg,/aisscv/preprocessing/data/Studierendenwerk_35.txt,False,Studierendenwerk
697,Alte_Bib_95,/aisscv/preprocessing/data/Alte_Bib_95.jpg,/aisscv/preprocessing/data/Alte_Bib_95.txt,False,Alte_Bib
698,Mensa_5,/aisscv/preprocessing/data/Mensa_5.jpg,/aisscv/preprocessing/data/Mensa_5.txt,False,Mensa
699,Haber_Bosch_42,/aisscv/preprocessing/data/Haber_Bosch_42.jpg,/aisscv/preprocessing/data/Haber_Bosch_42.txt,False,Haber_Bosch
700,Alte_Bib_86,/aisscv/preprocessing/data/Alte_Bib_86.jpg,/aisscv/preprocessing/data/Alte_Bib_86.txt,False,Alte_Bib
701,Soldat_9,/aisscv/preprocessing/data/Soldat_9.jpg,/aisscv/preprocessing/data/Soldat_9.txt,False,Soldat
702,Waermflasche_56,/aisscv/preprocessing/data/Waermflasche_56.jpg,/aisscv/preprocessing/data/Waermflasche_56.txt,False,Waermflasche
703,Waermflasche_54,/aisscv/preprocessing/data/Waermflasche_54.jpg,/aisscv/preprocessing/data/Waermflasche_54.txt,False,Waermflasche
704,Mensa_4,/aisscv/preprocessing/data/Mensa_4.jpg,/aisscv/preprocessing/data/Mensa_4.txt,False,Mensa
705,Alte_Bib_47,/aisscv/preprocessing/data/Alte_Bib_47.jpg,/aisscv/preprocessing/data/Alte_Bib_47.txt,False,Alte_Bib
706,Studierendenwerk_50,/aisscv/preprocessing/data/Studierendenwerk_50.jpg,/aisscv/preprocessing/data/Studierendenwerk_50.txt,False,Studierendenwerk
707,AKK_ASTA_24,/aisscv/preprocessing/data/AKK_ASTA_24.jpg,/aisscv/preprocessing/data/AKK_ASTA_24.txt,False,AKK_ASTA
708,Neue_Bib_21,/aisscv/preprocessing/data/Neue_Bib_21.jpg,/aisscv/preprocessing/data/Neue_Bib_21.txt,False,Neue_Bib
709,Mathebau_16,/aisscv/preprocessing/data/Mathebau_16.jpg,/aisscv/preprocessing/data/Mathebau_16.txt,False,Mathebau
710,Mensa_83,/aisscv/preprocessing/data/Mensa_83.jpg,/aisscv/preprocessing/data/Mensa_83.txt,False,Mensa
711,Haber_Bosch_7,/aisscv/preprocessing/data/Haber_Bosch_7.jpg,/aisscv/preprocessing/data/Haber_Bosch_7.txt,False,Haber_Bosch
712,Mathebau_15,/aisscv/preprocessing/data/Mathebau_15.jpg,/aisscv/preprocessing/data/Mathebau_15.txt,False,Mathebau
713,Kopf_56,/aisscv/preprocessing/data/Kopf_56.jpg,/aisscv/preprocessing/data/Kopf_56.txt,False,Kopf
714,Audimax_55,/aisscv/preprocessing/data/Audimax_55.jpg,/aisscv/preprocessing/data/Audimax_55.txt,False,Audimax
715,Kopf_25,/aisscv/preprocessing/data/Kopf_25.jpg,/aisscv/preprocessing/data/Kopf_25.txt,False,Kopf
716,Soldat_27,/aisscv/preprocessing/data/Soldat_27.jpg,/aisscv/preprocessing/data/Soldat_27.txt,False,Soldat
717,Mensa_35,/aisscv/preprocessing/data/Mensa_35.jpg,/aisscv/preprocessing/data/Mensa_35.txt,False,Mensa
718,Kopf_71,/aisscv/preprocessing/data/Kopf_71.jpg,/aisscv/preprocessing/data/Kopf_71.txt,False,Kopf
719,Waermflasche_19,/aisscv/preprocessing/data/Waermflasche_19.jpg,/aisscv/preprocessing/data/Waermflasche_19.txt,False,Waermflasche
720,Kopf_77,/aisscv/preprocessing/data/Kopf_77.jpg,/aisscv/preprocessing/data/Kopf_77.txt,False,Kopf
721,Haber_Bosch_52,/aisscv/preprocessing/data/Haber_Bosch_52.jpg,/aisscv/preprocessing/data/Haber_Bosch_52.txt,False,Haber_Bosch
722,Kolben_28,/aisscv/preprocessing/data/Kolben_28.jpg,/aisscv/preprocessing/data/Kolben_28.txt,False,Kolben
723,Lernzentrum_11,/aisscv/preprocessing/data/Lernzentrum_11.jpg,/aisscv/preprocessing/data/Lernzentrum_11.txt,False,Lernzentrum
724,Waermflasche_31,/aisscv/preprocessing/data/Waermflasche_31.jpg,/aisscv/preprocessing/data/Waermflasche_31.txt,False,Waermflasche
725,Kopf_95,/aisscv/preprocessing/data/Kopf_95.jpg,/aisscv/preprocessing/data/Kopf_95.txt,False,Kopf
726,Waermflasche_92,/aisscv/preprocessing/data/Waermflasche_92.jpg,/aisscv/preprocessing/data/Waermflasche_92.txt,False,Waermflasche
727,Alte_Bib_46,/aisscv/preprocessing/data/Alte_Bib_46.jpg,/aisscv/preprocessing/data/Alte_Bib_46.txt,False,Alte_Bib
728,No_Label_2,/aisscv/preprocessing/data/No_Label_2.jpg,/aisscv/preprocessing/data/No_Label_2.txt,False,No_Label
729,Mathebau_56,/aisscv/preprocessing/data/Mathebau_56.jpg,/aisscv/preprocessing/data/Mathebau_56.txt,False,Mathebau
730,Studierendenwerk_9,/aisscv/preprocessing/data/Studierendenwerk_9.jpg,/aisscv/preprocessing/data/Studierendenwerk_9.txt,False,Studierendenwerk
731,Soldat_12,/aisscv/preprocessing/data/Soldat_12.jpg,/aisscv/preprocessing/data/Soldat_12.txt,False,Soldat
732,Kopf_73,/aisscv/preprocessing/data/Kopf_73.jpg,/aisscv/preprocessing/data/Kopf_73.txt,False,Kopf
733,Alte_Bib_56,/aisscv/preprocessing/data/Alte_Bib_56.jpg,/aisscv/preprocessing/data/Alte_Bib_56.txt,False,Alte_Bib
734,Lernzentrum_21,/aisscv/preprocessing/data/Lernzentrum_21.jpg,/aisscv/preprocessing/data/Lernzentrum_21.txt,False,Lernzentrum
735,Waermflasche_21,/aisscv/preprocessing/data/Waermflasche_21.jpg,/aisscv/preprocessing/data/Waermflasche_21.txt,False,Waermflasche
736,No_Label_40,/aisscv/preprocessing/data/No_Label_40.jpg,/aisscv/preprocessing/data/No_Label_40.txt,False,No_Label
737,Studierendenwerk_8,/aisscv/preprocessing/data/Studierendenwerk_8.jpg,/aisscv/preprocessing/data/Studierendenwerk_8.txt,False,Studierendenwerk
738,Audimax_46,/aisscv/preprocessing/data/Audimax_46.jpg,/aisscv/preprocessing/data/Audimax_46.txt,False,Audimax
739,Kopf_49,/aisscv/preprocessing/data/Kopf_49.jpg,/aisscv/preprocessing/data/Kopf_49.txt,False,Kopf
740,Alte_Bib_87,/aisscv/preprocessing/data/Alte_Bib_87.jpg,/aisscv/preprocessing/data/Alte_Bib_87.txt,False,Alte_Bib
741,Kolben_54,/aisscv/preprocessing/data/Kolben_54.jpg,/aisscv/preprocessing/data/Kolben_54.txt,False,Kolben
742,Audimax_54,/aisscv/preprocessing/data/Audimax_54.jpg,/aisscv/preprocessing/data/Audimax_54.txt,False,Audimax
743,Lernzentrum_23,/aisscv/preprocessing/data/Lernzentrum_23.jpg,/aisscv/preprocessing/data/Lernzentrum_23.txt,False,Lernzentrum
744,Haber_Bosch_66,/aisscv/preprocessing/data/Haber_Bosch_66.jpg,/aisscv/preprocessing/data/Haber_Bosch_66.txt,False,Haber_Bosch
745,Kopf_85,/aisscv/preprocessing/data/Kopf_85.jpg,/aisscv/preprocessing/data/Kopf_85.txt,False,Kopf
746,Mensa_31,/aisscv/preprocessing/data/Mensa_31.jpg,/aisscv/preprocessing/data/Mensa_31.txt,False,Mensa
747,Alte_Bib_14,/aisscv/preprocessing/data/Alte_Bib_14.jpg,/aisscv/preprocessing/data/Alte_Bib_14.txt,False,Alte_Bib
748,Alte_Bib_3,/aisscv/preprocessing/data/Alte_Bib_3.jpg,/aisscv/preprocessing/data/Alte_Bib_3.txt,False,Alte_Bib
749,AKK_ASTA_74,/aisscv/preprocessing/data/AKK_ASTA_74.jpg,/aisscv/preprocessing/data/AKK_ASTA_74.txt,False,AKK_ASTA
750,Mensa_73,/aisscv/preprocessing/data/Mensa_73.jpg,/aisscv/preprocessing/data/Mensa_73.txt,False,Mensa
751,Haber_Bosch_48,/aisscv/preprocessing/data/Haber_Bosch_48.jpg,/aisscv/preprocessing/data/Haber_Bosch_48.txt,False,Haber_Bosch
752,No_Label_5,/aisscv/preprocessing/data/No_Label_5.jpg,/aisscv/preprocessing/data/No_Label_5.txt,False,No_Label
753,Kolben_48,/aisscv/preprocessing/data/Kolben_48.jpg,/aisscv/preprocessing/data/Kolben_48.txt,False,Kolben
754,Gruenderschmiede_33,/aisscv/preprocessing/data/Gruenderschmiede_33.jpg,/aisscv/preprocessing/data/Gruenderschmiede_33.txt,False,Gruenderschmiede
755,Audimax_60,/aisscv/preprocessing/data/Audimax_60.jpg,/aisscv/preprocessing/data/Audimax_60.txt,False,Audimax
756,Mensa_87,/aisscv/preprocessing/data/Mensa_87.jpg,/aisscv/preprocessing/data/Mensa_87.txt,False,Mensa
757,Haber_Bosch_31,/aisscv/preprocessing/data/Haber_Bosch_31.jpg,/aisscv/preprocessing/data/Haber_Bosch_31.txt,False,Haber_Bosch
758,Soldat_5,/aisscv/preprocessing/data/Soldat_5.jpg,/aisscv/preprocessing/data/Soldat_5.txt,False,Soldat
759,Gruenderschmiede_13,/aisscv/preprocessing/data/Gruenderschmiede_13.jpg,/aisscv/preprocessing/data/Gruenderschmiede_13.txt,False,Gruenderschmiede
760,Gruenderschmiede_45,/aisscv/preprocessing/data/Gruenderschmiede_45.jpg,/aisscv/preprocessing/data/Gruenderschmiede_45.txt,False,Gruenderschmiede
761,Kolben_10,/aisscv/preprocessing/data/Kolben_10.jpg,/aisscv/preprocessing/data/Kolben_10.txt,False,Kolben
762,Kopf_24,/aisscv/preprocessing/data/Kopf_24.jpg,/aisscv/preprocessing/data/Kopf_24.txt,False,Kopf
763,Mensa_82,/aisscv/preprocessing/data/Mensa_82.jpg,/aisscv/preprocessing/data/Mensa_82.txt,False,Mensa
764,Kopf_63,/aisscv/preprocessing/data/Kopf_63.jpg,/aisscv/preprocessing/data/Kopf_63.txt,False,Kopf
765,Audimax_29,/aisscv/preprocessing/data/Audimax_29.jpg,/aisscv/preprocessing/data/Audimax_29.txt,False,Audimax
766,Audimax_13,/aisscv/preprocessing/data/Audimax_13.jpg,/aisscv/preprocessing/data/Audimax_13.txt,False,Audimax
767,Alte_Bib_36,/aisscv/preprocessing/data/Alte_Bib_36.jpg,/aisscv/preprocessing/data/Alte_Bib_36.txt,False,Alte_Bib
768,Audimax_4,/aisscv/preprocessing/data/Audimax_4.jpg,/aisscv/preprocessing/data/Audimax_4.txt,False,Audimax
769,Lernzentrum_36,/aisscv/preprocessing/data/Lernzentrum_36.jpg,/aisscv/preprocessing/data/Lernzentrum_36.txt,False,Lernzentrum
770,Audimax_11,/aisscv/preprocessing/data/Audimax_11.jpg,/aisscv/preprocessing/data/Audimax_11.txt,False,Audimax
771,Kolben_13,/aisscv/preprocessing/data/Kolben_13.jpg,/aisscv/preprocessing/data/Kolben_13.txt,False,Kolben
772,Mensa_40,/aisscv/preprocessing/data/Mensa_40.jpg,/aisscv/preprocessing/data/Mensa_40.txt,False,Mensa
773,No_Label_1,/aisscv/preprocessing/data/No_Label_1.jpg,/aisscv/preprocessing/data/No_Label_1.txt,False,No_Label
774,Studierendenwerk_6,/aisscv/preprocessing/data/Studierendenwerk_6.jpg,/aisscv/preprocessing/data/Studierendenwerk_6.txt,False,Studierendenwerk
775,No_Label_35,/aisscv/preprocessing/data/No_Label_35.jpg,/aisscv/preprocessing/data/No_Label_35.txt,False,No_Label
776,Mathebau_43,/aisscv/preprocessing/data/Mathebau_43.jpg,/aisscv/preprocessing/data/Mathebau_43.txt,False,Mathebau
777,Alte_Bib_74,/aisscv/preprocessing/data/Alte_Bib_74.jpg,/aisscv/preprocessing/data/Alte_Bib_74.txt,False,Alte_Bib
778,Studierendenwerk_48,/aisscv/preprocessing/data/Studierendenwerk_48.jpg,/aisscv/preprocessing/data/Studierendenwerk_48.txt,False,Studierendenwerk
779,Waermflasche_46,/aisscv/preprocessing/data/Waermflasche_46.jpg,/aisscv/preprocessing/data/Waermflasche_46.txt,False,Waermflasche
780,Studierendenwerk_18,/aisscv/preprocessing/data/Studierendenwerk_18.jpg,/aisscv/preprocessing/data/Studierendenwerk_18.txt,False,Studierendenwerk
781,Gruenderschmiede_51,/aisscv/preprocessing/data/Gruenderschmiede_51.jpg,/aisscv/preprocessing/data/Gruenderschmiede_51.txt,False,Gruenderschmiede
782,Studierendenwerk_30,/aisscv/preprocessing/data/Studierendenwerk_30.jpg,/aisscv/preprocessing/data/Studierendenwerk_30.txt,False,Studierendenwerk
783,Alte_Bib_33,/aisscv/preprocessing/data/Alte_Bib_33.jpg,/aisscv/preprocessing/data/Alte_Bib_33.txt,False,Alte_Bib
784,Haber_Bosch_17,/aisscv/preprocessing/data/Haber_Bosch_17.jpg,/aisscv/preprocessing/data/Haber_Bosch_17.txt,False,Haber_Bosch
785,Kopf_90,/aisscv/preprocessing/data/Kopf_90.jpg,/aisscv/preprocessing/data/Kopf_90.txt,False,Kopf
786,No_Label_13,/aisscv/preprocessing/data/No_Label_13.jpg,/aisscv/preprocessing/data/No_Label_13.txt,False,No_Label
787,AKK_ASTA_13,/aisscv/preprocessing/data/AKK_ASTA_13.jpg,/aisscv/preprocessing/data/AKK_ASTA_13.txt,False,AKK_ASTA
788,Kopf_16,/aisscv/preprocessing/data/Kopf_16.jpg,/aisscv/preprocessing/data/Kopf_16.txt,False,Kopf
789,No_Label_26,/aisscv/preprocessing/data/No_Label_26.jpg,/aisscv/preprocessing/data/No_Label_26.txt,False,No_Label
790,No_Label_10,/aisscv/preprocessing/data/No_Label_10.jpg,/aisscv/preprocessing/data/No_Label_10.txt,False,No_Label
791,Mensa_66,/aisscv/preprocessing/data/Mensa_66.jpg,/aisscv/preprocessing/data/Mensa_66.txt,False,Mensa
792,Gruenderschmiede_50,/aisscv/preprocessing/data/Gruenderschmiede_50.jpg,/aisscv/preprocessing/data/Gruenderschmiede_50.txt,False,Gruenderschmiede
793,Lernzentrum_62,/aisscv/preprocessing/data/Lernzentrum_62.jpg,/aisscv/preprocessing/data/Lernzentrum_62.txt,False,Lernzentrum
794,Lernzentrum_31,/aisscv/preprocessing/data/Lernzentrum_31.jpg,/aisscv/preprocessing/data/Lernzentrum_31.txt,False,Lernzentrum
795,Mensa_33,/aisscv/preprocessing/data/Mensa_33.jpg,/aisscv/preprocessing/data/Mensa_33.txt,False,Mensa
796,Haber_Bosch_29,/aisscv/preprocessing/data/Haber_Bosch_29.jpg,/aisscv/preprocessing/data/Haber_Bosch_29.txt,False,Haber_Bosch
797,AKK_ASTA_11,/aisscv/preprocessing/data/AKK_ASTA_11.jpg,/aisscv/preprocessing/data/AKK_ASTA_11.txt,False,AKK_ASTA
798,Alte_Bib_92,/aisscv/preprocessing/data/Alte_Bib_92.jpg,/aisscv/preprocessing/data/Alte_Bib_92.txt,False,Alte_Bib
799,AKK_ASTA_32,/aisscv/preprocessing/data/AKK_ASTA_32.jpg,/aisscv/preprocessing/data/AKK_ASTA_32.txt,False,AKK_ASTA
800,Gruenderschmiede_43,/aisscv/preprocessing/data/Gruenderschmiede_43.jpg,/aisscv/preprocessing/data/Gruenderschmiede_43.txt,False,Gruenderschmiede
801,Mensa_78,/aisscv/preprocessing/data/Mensa_78.jpg,/aisscv/preprocessing/data/Mensa_78.txt,False,Mensa
802,Audimax_31,/aisscv/preprocessing/data/Audimax_31.jpg,/aisscv/preprocessing/data/Audimax_31.txt,False,Audimax
803,Mensa_49,/aisscv/preprocessing/data/Mensa_49.jpg,/aisscv/preprocessing/data/Mensa_49.txt,False,Mensa
804,No_Label_9,/aisscv/preprocessing/data/No_Label_9.jpg,/aisscv/preprocessing/data/No_Label_9.txt,False,No_Label
805,Mensa_39,/aisscv/preprocessing/data/Mensa_39.jpg,/aisscv/preprocessing/data/Mensa_39.txt,False,Mensa
806,Lernzentrum_63,/aisscv/preprocessing/data/Lernzentrum_63.jpg,/aisscv/preprocessing/data/Lernzentrum_63.txt,False,Lernzentrum
807,AKK_ASTA_8,/aisscv/preprocessing/data/AKK_ASTA_8.jpg,/aisscv/preprocessing/data/AKK_ASTA_8.txt,False,AKK_ASTA
808,Mensa_68,/aisscv/preprocessing/data/Mensa_68.jpg,/aisscv/preprocessing/data/Mensa_68.txt,False,Mensa
809,Alte_Bib_17,/aisscv/preprocessing/data/Alte_Bib_17.jpg,/aisscv/preprocessing/data/Alte_Bib_17.txt,False,Alte_Bib
810,Alte_Bib_90,/aisscv/preprocessing/data/Alte_Bib_90.jpg,/aisscv/preprocessing/data/Alte_Bib_90.txt,False,Alte_Bib
811,Kolben_19,/aisscv/preprocessing/data/Kolben_19.jpg,/aisscv/preprocessing/data/Kolben_19.txt,False,Kolben
812,Gruenderschmiede_15,/aisscv/preprocessing/data/Gruenderschmiede_15.jpg,/aisscv/preprocessing/data/Gruenderschmiede_15.txt,False,Gruenderschmiede
813,AKK_ASTA_21,/aisscv/preprocessing/data/AKK_ASTA_21.jpg,/aisscv/preprocessing/data/AKK_ASTA_21.txt,False,AKK_ASTA
814,Haber_Bosch_67,/aisscv/preprocessing/data/Haber_Bosch_67.jpg,/aisscv/preprocessing/data/Haber_Bosch_67.txt,False,Haber_Bosch
815,AKK_ASTA_19,/aisscv/preprocessing/data/AKK_ASTA_19.jpg,/aisscv/preprocessing/data/AKK_ASTA_19.txt,False,AKK_ASTA
816,No_Label_22,/aisscv/preprocessing/data/No_Label_22.jpg,/aisscv/preprocessing/data/No_Label_22.txt,False,No_Label
817,Waermflasche_71,/aisscv/preprocessing/data/Waermflasche_71.jpg,/aisscv/preprocessing/data/Waermflasche_71.txt,False,Waermflasche
818,Waermflasche_5,/aisscv/preprocessing/data/Waermflasche_5.jpg,/aisscv/preprocessing/data/Waermflasche_5.txt,False,Waermflasche
819,AKK_ASTA_31,/aisscv/preprocessing/data/AKK_ASTA_31.jpg,/aisscv/preprocessing/data/AKK_ASTA_31.txt,False,AKK_ASTA
820,Waermflasche_9,/aisscv/preprocessing/data/Waermflasche_9.jpg,/aisscv/preprocessing/data/Waermflasche_9.txt,False,Waermflasche
821,No_Label_3,/aisscv/preprocessing/data/No_Label_3.jpg,/aisscv/preprocessing/data/No_Label_3.txt,False,No_Label
822,Mensa_75,/aisscv/preprocessing/data/Mensa_75.jpg,/aisscv/preprocessing/data/Mensa_75.txt,False,Mensa
823,Mathebau_25,/aisscv/preprocessing/data/Mathebau_25.jpg,/aisscv/preprocessing/data/Mathebau_25.txt,False,Mathebau
824,Lernzentrum_76,/aisscv/preprocessing/data/Lernzentrum_76.jpg,/aisscv/preprocessing/data/Lernzentrum_76.txt,False,Lernzentrum
825,Mathebau_37,/aisscv/preprocessing/data/Mathebau_37.jpg,/aisscv/preprocessing/data/Mathebau_37.txt,False,Mathebau
826,AKK_ASTA_65,/aisscv/preprocessing/data/AKK_ASTA_65.jpg,/aisscv/preprocessing/data/AKK_ASTA_65.txt,False,AKK_ASTA
827,Kopf_61,/aisscv/preprocessing/data/Kopf_61.jpg,/aisscv/preprocessing/data/Kopf_61.txt,False,Kopf
828,Kopf_81,/aisscv/preprocessing/data/Kopf_81.jpg,/aisscv/preprocessing/data/Kopf_81.txt,False,Kopf
829,Waermflasche_58,/aisscv/preprocessing/data/Waermflasche_58.jpg,/aisscv/preprocessing/data/Waermflasche_58.txt,False,Waermflasche
830,Kolben_49,/aisscv/preprocessing/data/Kolben_49.jpg,/aisscv/preprocessing/data/Kolben_49.txt,False,Kolben
831,Kopf_44,/aisscv/preprocessing/data/Kopf_44.jpg,/aisscv/preprocessing/data/Kopf_44.txt,False,Kopf
832,Soldat_17,/aisscv/preprocessing/data/Soldat_17.jpg,/aisscv/preprocessing/data/Soldat_17.txt,False,Soldat
833,Gruenderschmiede_29,/aisscv/preprocessing/data/Gruenderschmiede_29.jpg,/aisscv/preprocessing/data/Gruenderschmiede_29.txt,False,Gruenderschmiede
834,Mensa_30,/aisscv/preprocessing/data/Mensa_30.jpg,/aisscv/preprocessing/data/Mensa_30.txt,False,Mensa
835,Mathebau_31,/aisscv/preprocessing/data/Mathebau_31.jpg,/aisscv/preprocessing/data/Mathebau_31.txt,False,Mathebau
836,Kopf_64,/aisscv/preprocessing/data/Kopf_64.jpg,/aisscv/preprocessing/data/Kopf_64.txt,False,Kopf
837,Kopf_69,/aisscv/preprocessing/data/Kopf_69.jpg,/aisscv/preprocessing/data/Kopf_69.txt,False,Kopf
838,Waermflasche_70,/aisscv/preprocessing/data/Waermflasche_70.jpg,/aisscv/preprocessing/data/Waermflasche_70.txt,False,Waermflasche
839,Haber_Bosch_33,/aisscv/preprocessing/data/Haber_Bosch_33.jpg,/aisscv/preprocessing/data/Haber_Bosch_33.txt,False,Haber_Bosch
840,Waermflasche_85,/aisscv/preprocessing/data/Waermflasche_85.jpg,/aisscv/preprocessing/data/Waermflasche_85.txt,False,Waermflasche
841,Neue_Bib_35,/aisscv/preprocessing/data/Neue_Bib_35.jpg,/aisscv/preprocessing/data/Neue_Bib_35.txt,False,Neue_Bib
842,Gruenderschmiede_54,/aisscv/preprocessing/data/Gruenderschmiede_54.jpg,/aisscv/preprocessing/data/Gruenderschmiede_54.txt,False,Gruenderschmiede
843,Waermflasche_72,/aisscv/preprocessing/data/Waermflasche_72.jpg,/aisscv/preprocessing/data/Waermflasche_72.txt,False,Waermflasche
844,Haber_Bosch_8,/aisscv/preprocessing/data/Haber_Bosch_8.jpg,/aisscv/preprocessing/data/Haber_Bosch_8.txt,False,Haber_Bosch
845,AKK_ASTA_34,/aisscv/preprocessing/data/AKK_ASTA_34.jpg,/aisscv/preprocessing/data/AKK_ASTA_34.txt,False,AKK_ASTA
846,Kopf_93,/aisscv/preprocessing/data/Kopf_93.jpg,/aisscv/preprocessing/data/Kopf_93.txt,False,Kopf
847,Kolben_5,/aisscv/preprocessing/data/Kolben_5.jpg,/aisscv/preprocessing/data/Kolben_5.txt,False,Kolben
848,Audimax_35,/aisscv/preprocessing/data/Audimax_35.jpg,/aisscv/preprocessing/data/Audimax_35.txt,False,Audimax
849,Kopf_2,/aisscv/preprocessing/data/Kopf_2.jpg,/aisscv/preprocessing/data/Kopf_2.txt,False,Kopf
850,Alte_Bib_65,/aisscv/preprocessing/data/Alte_Bib_65.jpg,/aisscv/preprocessing/data/Alte_Bib_65.txt,False,Alte_Bib
851,Lernzentrum_74,/aisscv/preprocessing/data/Lernzentrum_74.jpg,/aisscv/preprocessing/data/Lernzentrum_74.txt,False,Lernzentrum
852,Neue_Bib_13,/aisscv/preprocessing/data/Neue_Bib_13.jpg,/aisscv/preprocessing/data/Neue_Bib_13.txt,False,Neue_Bib
853,Soldat_31,/aisscv/preprocessing/data/Soldat_31.jpg,/aisscv/preprocessing/data/Soldat_31.txt,False,Soldat
854,Mensa_56,/aisscv/preprocessing/data/Mensa_56.jpg,/aisscv/preprocessing/data/Mensa_56.txt,False,Mensa
855,Mensa_57,/aisscv/preprocessing/data/Mensa_57.jpg,/aisscv/preprocessing/data/Mensa_57.txt,False,Mensa
856,Gruenderschmiede_47,/aisscv/preprocessing/data/Gruenderschmiede_47.jpg,/aisscv/preprocessing/data/Gruenderschmiede_47.txt,False,Gruenderschmiede
857,No_Label_47,/aisscv/preprocessing/data/No_Label_47.jpg,/aisscv/preprocessing/data/No_Label_47.txt,False,No_Label
858,Waermflasche_84,/aisscv/preprocessing/data/Waermflasche_84.jpg,/aisscv/preprocessing/data/Waermflasche_84.txt,False,Waermflasche
859,Waermflasche_61,/aisscv/preprocessing/data/Waermflasche_61.jpg,/aisscv/preprocessing/data/Waermflasche_61.txt,False,Waermflasche
860,Lernzentrum_25,/aisscv/preprocessing/data/Lernzentrum_25.jpg,/aisscv/preprocessing/data/Lernzentrum_25.txt,False,Lernzentrum
861,Studierendenwerk_42,/aisscv/preprocessing/data/Studierendenwerk_42.jpg,/aisscv/preprocessing/data/Studierendenwerk_42.txt,False,Studierendenwerk
862,Gruenderschmiede_4,/aisscv/preprocessing/data/Gruenderschmiede_4.jpg,/aisscv/preprocessing/data/Gruenderschmiede_4.txt,False,Gruenderschmiede
863,Kopf_82,/aisscv/preprocessing/data/Kopf_82.jpg,/aisscv/preprocessing/data/Kopf_82.txt,False,Kopf
864,Soldat_1,/aisscv/preprocessing/data/Soldat_1.jpg,/aisscv/preprocessing/data/Soldat_1.txt,False,Soldat
865,Mathebau_48,/aisscv/preprocessing/data/Mathebau_48.jpg,/aisscv/preprocessing/data/Mathebau_48.txt,False,Mathebau
866,Haber_Bosch_14,/aisscv/preprocessing/data/Haber_Bosch_14.jpg,/aisscv/preprocessing/data/Haber_Bosch_14.txt,False,Haber_Bosch
867,Audimax_16,/aisscv/preprocessing/data/Audimax_16.jpg,/aisscv/preprocessing/data/Audimax_16.txt,False,Audimax
868,Studierendenwerk_37,/aisscv/preprocessing/data/Studierendenwerk_37.jpg,/aisscv/preprocessing/data/Studierendenwerk_37.txt,False,Studierendenwerk
869,Studierendenwerk_32,/aisscv/preprocessing/data/Studierendenwerk_32.jpg,/aisscv/preprocessing/data/Studierendenwerk_32.txt,False,Studierendenwerk
870,Neue_Bib_23,/aisscv/preprocessing/data/Neue_Bib_23.jpg,/aisscv/preprocessing/data/Neue_Bib_23.txt,False,Neue_Bib
871,Mensa_52,/aisscv/preprocessing/data/Mensa_52.jpg,/aisscv/preprocessing/data/Mensa_52.txt,False,Mensa
872,Mensa_17,/aisscv/preprocessing/data/Mensa_17.jpg,/aisscv/preprocessing/data/Mensa_17.txt,False,Mensa
873,Lernzentrum_4,/aisscv/preprocessing/data/Lernzentrum_4.jpg,/aisscv/preprocessing/data/Lernzentrum_4.txt,False,Lernzentrum
874,Haber_Bosch_53,/aisscv/preprocessing/data/Haber_Bosch_53.jpg,/aisscv/preprocessing/data/Haber_Bosch_53.txt,False,Haber_Bosch
875,Mensa_64,/aisscv/preprocessing/data/Mensa_64.jpg,/aisscv/preprocessing/data/Mensa_64.txt,False,Mensa
876,AKK_ASTA_69,/aisscv/preprocessing/data/AKK_ASTA_69.jpg,/aisscv/preprocessing/data/AKK_ASTA_69.txt,False,AKK_ASTA
877,Audimax_43,/aisscv/preprocessing/data/Audimax_43.jpg,/aisscv/preprocessing/data/Audimax_43.txt,False,Audimax
878,Kopf_8,/aisscv/preprocessing/data/Kopf_8.jpg,/aisscv/preprocessing/data/Kopf_8.txt,False,Kopf
879,Waermflasche_40,/aisscv/preprocessing/data/Waermflasche_40.jpg,/aisscv/preprocessing/data/Waermflasche_40.txt,False,Waermflasche
880,Mathebau_23,/aisscv/preprocessing/data/Mathebau_23.jpg,/aisscv/preprocessing/data/Mathebau_23.txt,False,Mathebau
881,Audimax_47,/aisscv/preprocessing/data/Audimax_47.jpg,/aisscv/preprocessing/data/Audimax_47.txt,False,Audimax
882,Kolben_23,/aisscv/preprocessing/data/Kolben_23.jpg,/aisscv/preprocessing/data/Kolben_23.txt,False,Kolben
883,Neue_Bib_10,/aisscv/preprocessing/data/Neue_Bib_10.jpg,/aisscv/preprocessing/data/Neue_Bib_10.txt,False,Neue_Bib
884,Audimax_19,/aisscv/preprocessing/data/Audimax_19.jpg,/aisscv/preprocessing/data/Audimax_19.txt,False,Audimax
885,Lernzentrum_17,/aisscv/preprocessing/data/Lernzentrum_17.jpg,/aisscv/preprocessing/data/Lernzentrum_17.txt,False,Lernzentrum
886,Studierendenwerk_22,/aisscv/preprocessing/data/Studierendenwerk_22.jpg,/aisscv/preprocessing/data/Studierendenwerk_22.txt,False,Studierendenwerk
887,Neue_Bib_17,/aisscv/preprocessing/data/Neue_Bib_17.jpg,/aisscv/preprocessing/data/Neue_Bib_17.txt,False,Neue_Bib
888,Haber_Bosch_61,/aisscv/preprocessing/data/Haber_Bosch_61.jpg,/aisscv/preprocessing/data/Haber_Bosch_61.txt,False,Haber_Bosch
889,Mensa_28,/aisscv/preprocessing/data/Mensa_28.jpg,/aisscv/preprocessing/data/Mensa_28.txt,False,Mensa
890,Soldat_35,/aisscv/preprocessing/data/Soldat_35.jpg,/aisscv/preprocessing/data/Soldat_35.txt,False,Soldat
891,Lernzentrum_1,/aisscv/preprocessing/data/Lernzentrum_1.jpg,/aisscv/preprocessing/data/Lernzentrum_1.txt,False,Lernzentrum
892,Alte_Bib_69,/aisscv/preprocessing/data/Alte_Bib_69.jpg,/aisscv/preprocessing/data/Alte_Bib_69.txt,False,Alte_Bib
893,Kolben_4,/aisscv/preprocessing/data/Kolben_4.jpg,/aisscv/preprocessing/data/Kolben_4.txt,False,Kolben
894,Studierendenwerk_24,/aisscv/preprocessing/data/Studierendenwerk_24.jpg,/aisscv/preprocessing/data/Studierendenwerk_24.txt,False,Studierendenwerk
895,Lernzentrum_26,/aisscv/preprocessing/data/Lernzentrum_26.jpg,/aisscv/preprocessing/data/Lernzentrum_26.txt,False,Lernzentrum
896,Mathebau_42,/aisscv/preprocessing/data/Mathebau_42.jpg,/aisscv/preprocessing/data/Mathebau_42.txt,False,Mathebau
897,Mensa_21,/aisscv/preprocessing/data/Mensa_21.jpg,/aisscv/preprocessing/data/Mensa_21.txt,False,Mensa
898,Audimax_17,/aisscv/preprocessing/data/Audimax_17.jpg,/aisscv/preprocessing/data/Audimax_17.txt,False,Audimax
899,Alte_Bib_41,/aisscv/preprocessing/data/Alte_Bib_41.jpg,/aisscv/preprocessing/data/Alte_Bib_41.txt,False,Alte_Bib
900,Kopf_46,/aisscv/preprocessing/data/Kopf_46.jpg,/aisscv/preprocessing/data/Kopf_46.txt,False,Kopf
901,Mensa_92,/aisscv/preprocessing/data/Mensa_92.jpg,/aisscv/preprocessing/data/Mensa_92.txt,False,Mensa
902,Lernzentrum_3,/aisscv/preprocessing/data/Lernzentrum_3.jpg,/aisscv/preprocessing/data/Lernzentrum_3.txt,False,Lernzentrum
903,Soldat_33,/aisscv/preprocessing/data/Soldat_33.jpg,/aisscv/preprocessing/data/Soldat_33.txt,False,Soldat
904,Alte_Bib_84,/aisscv/preprocessing/data/Alte_Bib_84.jpg,/aisscv/preprocessing/data/Alte_Bib_84.txt,False,Alte_Bib
905,Waermflasche_30,/aisscv/preprocessing/data/Waermflasche_30.jpg,/aisscv/preprocessing/data/Waermflasche_30.txt,False,Waermflasche
906,AKK_ASTA_40,/aisscv/preprocessing/data/AKK_ASTA_40.jpg,/aisscv/preprocessing/data/AKK_ASTA_40.txt,False,AKK_ASTA
907,Haber_Bosch_18,/aisscv/preprocessing/data/Haber_Bosch_18.jpg,/aisscv/preprocessing/data/Haber_Bosch_18.txt,False,Haber_Bosch
908,Alte_Bib_12,/aisscv/preprocessing/data/Alte_Bib_12.jpg,/aisscv/preprocessing/data/Alte_Bib_12.txt,False,Alte_Bib
909,Gruenderschmiede_46,/aisscv/preprocessing/data/Gruenderschmiede_46.jpg,/aisscv/preprocessing/data/Gruenderschmiede_46.txt,False,Gruenderschmiede
910,No_Label_43,/aisscv/preprocessing/data/No_Label_43.jpg,/aisscv/preprocessing/data/No_Label_43.txt,False,No_Label
911,Soldat_34,/aisscv/preprocessing/data/Soldat_34.jpg,/aisscv/preprocessing/data/Soldat_34.txt,False,Soldat
912,Mathebau_4,/aisscv/preprocessing/data/Mathebau_4.jpg,/aisscv/preprocessing/data/Mathebau_4.txt,False,Mathebau
913,Waermflasche_62,/aisscv/preprocessing/data/Waermflasche_62.jpg,/aisscv/preprocessing/data/Waermflasche_62.txt,False,Waermflasche
914,Studierendenwerk_27,/aisscv/preprocessing/data/Studierendenwerk_27.jpg,/aisscv/preprocessing/data/Studierendenwerk_27.txt,False,Studierendenwerk
915,Mathebau_46,/aisscv/preprocessing/data/Mathebau_46.jpg,/aisscv/preprocessing/data/Mathebau_46.txt,False,Mathebau
916,Waermflasche_8,/aisscv/preprocessing/data/Waermflasche_8.jpg,/aisscv/preprocessing/data/Waermflasche_8.txt,False,Waermflasche
917,Lernzentrum_41,/aisscv/preprocessing/data/Lernzentrum_41.jpg,/aisscv/preprocessing/data/Lernzentrum_41.txt,False,Lernzentrum
918,Waermflasche_27,/aisscv/preprocessing/data/Waermflasche_27.jpg,/aisscv/preprocessing/data/Waermflasche_27.txt,False,Waermflasche
919,Kolben_39,/aisscv/preprocessing/data/Kolben_39.jpg,/aisscv/preprocessing/data/Kolben_39.txt,False,Kolben
920,Alte_Bib_76,/aisscv/preprocessing/data/Alte_Bib_76.jpg,/aisscv/preprocessing/data/Alte_Bib_76.txt,False,Alte_Bib
921,Soldat_28,/aisscv/preprocessing/data/Soldat_28.jpg,/aisscv/preprocessing/data/Soldat_28.txt,False,Soldat
922,Alte_Bib_7,/aisscv/preprocessing/data/Alte_Bib_7.jpg,/aisscv/preprocessing/data/Alte_Bib_7.txt,False,Alte_Bib
923,Haber_Bosch_5,/aisscv/preprocessing/data/Haber_Bosch_5.jpg,/aisscv/preprocessing/data/Haber_Bosch_5.txt,False,Haber_Bosch
924,No_Label_15,/aisscv/preprocessing/data/No_Label_15.jpg,/aisscv/preprocessing/data/No_Label_15.txt,False,No_Label
925,Alte_Bib_54,/aisscv/preprocessing/data/Alte_Bib_54.jpg,/aisscv/preprocessing/data/Alte_Bib_54.txt,False,Alte_Bib
926,Waermflasche_91,/aisscv/preprocessing/data/Waermflasche_91.jpg,/aisscv/preprocessing/data/Waermflasche_91.txt,False,Waermflasche
927,Lernzentrum_14,/aisscv/preprocessing/data/Lernzentrum_14.jpg,/aisscv/preprocessing/data/Lernzentrum_14.txt,False,Lernzentrum
928,Waermflasche_15,/aisscv/preprocessing/data/Waermflasche_15.jpg,/aisscv/preprocessing/data/Waermflasche_15.txt,False,Waermflasche
929,Lernzentrum_55,/aisscv/preprocessing/data/Lernzentrum_55.jpg,/aisscv/preprocessing/data/Lernzentrum_55.txt,False,Lernzentrum
930,Mathebau_53,/aisscv/preprocessing/data/Mathebau_53.jpg,/aisscv/preprocessing/data/Mathebau_53.txt,False,Mathebau
931,Studierendenwerk_29,/aisscv/preprocessing/data/Studierendenwerk_29.jpg,/aisscv/preprocessing/data/Studierendenwerk_29.txt,False,Studierendenwerk
932,Kopf_62,/aisscv/preprocessing/data/Kopf_62.jpg,/aisscv/preprocessing/data/Kopf_62.txt,False,Kopf
933,Gruenderschmiede_25,/aisscv/preprocessing/data/Gruenderschmiede_25.jpg,/aisscv/preprocessing/data/Gruenderschmiede_25.txt,False,Gruenderschmiede
934,Studierendenwerk_5,/aisscv/preprocessing/data/Studierendenwerk_5.jpg,/aisscv/preprocessing/data/Studierendenwerk_5.txt,False,Studierendenwerk
935,Kolben_22,/aisscv/preprocessing/data/Kolben_22.jpg,/aisscv/preprocessing/data/Kolben_22.txt,False,Kolben
936,Kolben_63,/aisscv/preprocessing/data/Kolben_63.jpg,/aisscv/preprocessing/data/Kolben_63.txt,False,Kolben
937,Neue_Bib_4,/aisscv/preprocessing/data/Neue_Bib_4.jpg,/aisscv/preprocessing/data/Neue_Bib_4.txt,False,Neue_Bib
938,Alte_Bib_79,/aisscv/preprocessing/data/Alte_Bib_79.jpg,/aisscv/preprocessing/data/Alte_Bib_79.txt,False,Alte_Bib
939,No_Label_51,/aisscv/preprocessing/data/No_Label_51.jpg,/aisscv/preprocessing/data/No_Label_51.txt,False,No_Label
940,Haber_Bosch_51,/aisscv/preprocessing/data/Haber_Bosch_51.jpg,/aisscv/preprocessing/data/Haber_Bosch_51.txt,False,Haber_Bosch
941,Audimax_37,/aisscv/preprocessing/data/Audimax_37.jpg,/aisscv/preprocessing/data/Audimax_37.txt,False,Audimax
942,Mathebau_40,/aisscv/preprocessing/data/Mathebau_40.jpg,/aisscv/preprocessing/data/Mathebau_40.txt,False,Mathebau
943,Kolben_34,/aisscv/preprocessing/data/Kolben_34.jpg,/aisscv/preprocessing/data/Kolben_34.txt,False,Kolben
944,Gruenderschmiede_27,/aisscv/preprocessing/data/Gruenderschmiede_27.jpg,/aisscv/preprocessing/data/Gruenderschmiede_27.txt,False,Gruenderschmiede
945,Studierendenwerk_53,/aisscv/preprocessing/data/Studierendenwerk_53.jpg,/aisscv/preprocessing/data/Studierendenwerk_53.txt,False,Studierendenwerk
946,Alte_Bib_68,/aisscv/preprocessing/data/Alte_Bib_68.jpg,/aisscv/preprocessing/data/Alte_Bib_68.txt,False,Alte_Bib
947,Soldat_4,/aisscv/preprocessing/data/Soldat_4.jpg,/aisscv/preprocessing/data/Soldat_4.txt,False,Soldat
948,Mensa_76,/aisscv/preprocessing/data/Mensa_76.jpg,/aisscv/preprocessing/data/Mensa_76.txt,False,Mensa
949,Waermflasche_29,/aisscv/preprocessing/data/Waermflasche_29.jpg,/aisscv/preprocessing/data/Waermflasche_29.txt,False,Waermflasche
950,Studierendenwerk_14,/aisscv/preprocessing/data/Studierendenwerk_14.jpg,/aisscv/preprocessing/data/Studierendenwerk_14.txt,False,Studierendenwerk
951,Kopf_37,/aisscv/preprocessing/data/Kopf_37.jpg,/aisscv/preprocessing/data/Kopf_37.txt,False,Kopf
952,Haber_Bosch_24,/aisscv/preprocessing/data/Haber_Bosch_24.jpg,/aisscv/preprocessing/data/Haber_Bosch_24.txt,False,Haber_Bosch
953,Mensa_41,/aisscv/preprocessing/data/Mensa_41.jpg,/aisscv/preprocessing/data/Mensa_41.txt,False,Mensa
954,Audimax_58,/aisscv/preprocessing/data/Audimax_58.jpg,/aisscv/preprocessing/data/Audimax_58.txt,False,Audimax
955,Mensa_22,/aisscv/preprocessing/data/Mensa_22.jpg,/aisscv/preprocessing/data/Mensa_22.txt,False,Mensa
956,Waermflasche_53,/aisscv/preprocessing/data/Waermflasche_53.jpg,/aisscv/preprocessing/data/Waermflasche_53.txt,False,Waermflasche
957,Audimax_3,/aisscv/preprocessing/data/Audimax_3.jpg,/aisscv/preprocessing/data/Audimax_3.txt,False,Audimax
958,Kolben_20,/aisscv/preprocessing/data/Kolben_20.jpg,/aisscv/preprocessing/data/Kolben_20.txt,False,Kolben
959,Kolben_9,/aisscv/preprocessing/data/Kolben_9.jpg,/aisscv/preprocessing/data/Kolben_9.txt,False,Kolben
960,Haber_Bosch_65,/aisscv/preprocessing/data/Haber_Bosch_65.jpg,/aisscv/preprocessing/data/Haber_Bosch_65.txt,False,Haber_Bosch
961,Alte_Bib_42,/aisscv/preprocessing/data/Alte_Bib_42.jpg,/aisscv/preprocessing/data/Alte_Bib_42.txt,False,Alte_Bib
962,Neue_Bib_39,/aisscv/preprocessing/data/Neue_Bib_39.jpg,/aisscv/preprocessing/data/Neue_Bib_39.txt,False,Neue_Bib
963,Studierendenwerk_40,/aisscv/preprocessing/data/Studierendenwerk_40.jpg,/aisscv/preprocessing/data/Studierendenwerk_40.txt,False,Studierendenwerk
964,AKK_ASTA_73,/aisscv/preprocessing/data/AKK_ASTA_73.jpg,/aisscv/preprocessing/data/AKK_ASTA_73.txt,False,AKK_ASTA
965,Mensa_13,/aisscv/preprocessing/data/Mensa_13.jpg,/aisscv/preprocessing/data/Mensa_13.txt,False,Mensa
966,Mensa_65,/aisscv/preprocessing/data/Mensa_65.jpg,/aisscv/preprocessing/data/Mensa_65.txt,False,Mensa
967,Haber_Bosch_60,/aisscv/preprocessing/data/Haber_Bosch_60.jpg,/aisscv/preprocessing/data/Haber_Bosch_60.txt,False,Haber_Bosch
968,Lernzentrum_66,/aisscv/preprocessing/data/Lernzentrum_66.jpg,/aisscv/preprocessing/data/Lernzentrum_66.txt,False,Lernzentrum
969,Soldat_22,/aisscv/preprocessing/data/Soldat_22.jpg,/aisscv/preprocessing/data/Soldat_22.txt,False,Soldat
970,Kolben_11,/aisscv/preprocessing/data/Kolben_11.jpg,/aisscv/preprocessing/data/Kolben_11.txt,False,Kolben
971,AKK_ASTA_68,/aisscv/preprocessing/data/AKK_ASTA_68.jpg,/aisscv/preprocessing/data/AKK_ASTA_68.txt,False,AKK_ASTA
972,Audimax_18,/aisscv/preprocessing/data/Audimax_18.jpg,/aisscv/preprocessing/data/Audimax_18.txt,False,Audimax
973,AKK_ASTA_30,/aisscv/preprocessing/data/AKK_ASTA_30.jpg,/aisscv/preprocessing/data/AKK_ASTA_30.txt,False,AKK_ASTA
974,AKK_ASTA_1,/aisscv/preprocessing/data/AKK_ASTA_1.jpg,/aisscv/preprocessing/data/AKK_ASTA_1.txt,False,AKK_ASTA
975,Kopf_14,/aisscv/preprocessing/data/Kopf_14.jpg,/aisscv/preprocessing/data/Kopf_14.txt,False,Kopf
976,Haber_Bosch_43,/aisscv/preprocessing/data/Haber_Bosch_43.jpg,/aisscv/preprocessing/data/Haber_Bosch_43.txt,False,Haber_Bosch
977,Mensa_51,/aisscv/preprocessing/data/Mensa_51.jpg,/aisscv/preprocessing/data/Mensa_51.txt,False,Mensa
978,Kolben_15,/aisscv/preprocessing/data/Kolben_15.jpg,/aisscv/preprocessing/data/Kolben_15.txt,False,Kolben
979,Waermflasche_33,/aisscv/preprocessing/data/Waermflasche_33.jpg,/aisscv/preprocessing/data/Waermflasche_33.txt,False,Waermflasche
980,AKK_ASTA_61,/aisscv/preprocessing/data/AKK_ASTA_61.jpg,/aisscv/preprocessing/data/AKK_ASTA_61.txt,False,AKK_ASTA
981,Mathebau_49,/aisscv/preprocessing/data/Mathebau_49.jpg,/aisscv/preprocessing/data/Mathebau_49.txt,False,Mathebau
982,AKK_ASTA_7,/aisscv/preprocessing/data/AKK_ASTA_7.jpg,/aisscv/preprocessing/data/AKK_ASTA_7.txt,False,AKK_ASTA
983,Lernzentrum_59,/aisscv/preprocessing/data/Lernzentrum_59.jpg,/aisscv/preprocessing/data/Lernzentrum_59.txt,False,Lernzentrum
984,Studierendenwerk_41,/aisscv/preprocessing/data/Studierendenwerk_41.jpg,/aisscv/preprocessing/data/Studierendenwerk_41.txt,False,Studierendenwerk
985,Lernzentrum_77,/aisscv/preprocessing/data/Lernzentrum_77.jpg,/aisscv/preprocessing/data/Lernzentrum_77.txt,False,Lernzentrum
986,No_Label_6,/aisscv/preprocessing/data/No_Label_6.jpg,/aisscv/preprocessing/data/No_Label_6.txt,False,No_Label
987,Mathebau_3,/aisscv/preprocessing/data/Mathebau_3.jpg,/aisscv/preprocessing/data/Mathebau_3.txt,False,Mathebau
988,Kopf_57,/aisscv/preprocessing/data/Kopf_57.jpg,/aisscv/preprocessing/data/Kopf_57.txt,False,Kopf
989,Kopf_39,/aisscv/preprocessing/data/Kopf_39.jpg,/aisscv/preprocessing/data/Kopf_39.txt,False,Kopf
990,Alte_Bib_27,/aisscv/preprocessing/data/Alte_Bib_27.jpg,/aisscv/preprocessing/data/Alte_Bib_27.txt,False,Alte_Bib
991,Mathebau_10,/aisscv/preprocessing/data/Mathebau_10.jpg,/aisscv/preprocessing/data/Mathebau_10.txt,False,Mathebau
992,Kopf_72,/aisscv/preprocessing/data/Kopf_72.jpg,/aisscv/preprocessing/data/Kopf_72.txt,False,Kopf
993,Mensa_88,/aisscv/preprocessing/data/Mensa_88.jpg,/aisscv/preprocessing/data/Mensa_88.txt,False,Mensa
994,Kopf_13,/aisscv/preprocessing/data/Kopf_13.jpg,/aisscv/preprocessing/data/Kopf_13.txt,False,Kopf
995,Mensa_84,/aisscv/preprocessing/data/Mensa_84.jpg,/aisscv/preprocessing/data/Mensa_84.txt,False,Mensa
996,Mensa_3,/aisscv/preprocessing/data/Mensa_3.jpg,/aisscv/preprocessing/data/Mensa_3.txt,False,Mensa
997,Soldat_37,/aisscv/preprocessing/data/Soldat_37.jpg,/aisscv/preprocessing/data/Soldat_37.txt,False,Soldat
998,Haber_Bosch_40,/aisscv/preprocessing/data/Haber_Bosch_40.jpg,/aisscv/preprocessing/data/Haber_Bosch_40.txt,False,Haber_Bosch
999,Gruenderschmiede_1,/aisscv/preprocessing/data/Gruenderschmiede_1.jpg,/aisscv/preprocessing/data/Gruenderschmiede_1.txt,False,Gruenderschmiede
1000,Haber_Bosch_37,/aisscv/preprocessing/data/Haber_Bosch_37.jpg,/aisscv/preprocessing/data/Haber_Bosch_37.txt,False,Haber_Bosch
1001,No_Label_29,/aisscv/preprocessing/data/No_Label_29.jpg,/aisscv/preprocessing/data/No_Label_29.txt,False,No_Label
1002,Lernzentrum_16,/aisscv/preprocessing/data/Lernzentrum_16.jpg,/aisscv/preprocessing/data/Lernzentrum_16.txt,False,Lernzentrum
1003,Haber_Bosch_47,/aisscv/preprocessing/data/Haber_Bosch_47.jpg,/aisscv/preprocessing/data/Haber_Bosch_47.txt,False,Haber_Bosch
1004,Lernzentrum_18,/aisscv/preprocessing/data/Lernzentrum_18.jpg,/aisscv/preprocessing/data/Lernzentrum_18.txt,False,Lernzentrum
1005,Waermflasche_90,/aisscv/preprocessing/data/Waermflasche_90.jpg,/aisscv/preprocessing/data/Waermflasche_90.txt,False,Waermflasche
1006,Haber_Bosch_1,/aisscv/preprocessing/data/Haber_Bosch_1.jpg,/aisscv/preprocessing/data/Haber_Bosch_1.txt,False,Haber_Bosch
1007,AKK_ASTA_3,/aisscv/preprocessing/data/AKK_ASTA_3.jpg,/aisscv/preprocessing/data/AKK_ASTA_3.txt,False,AKK_ASTA
1008,Kopf_66,/aisscv/preprocessing/data/Kopf_66.jpg,/aisscv/preprocessing/data/Kopf_66.txt,False,Kopf
1009,Alte_Bib_11,/aisscv/preprocessing/data/Alte_Bib_11.jpg,/aisscv/preprocessing/data/Alte_Bib_11.txt,False,Alte_Bib
1010,Alte_Bib_32,/aisscv/preprocessing/data/Alte_Bib_32.jpg,/aisscv/preprocessing/data/Alte_Bib_32.txt,False,Alte_Bib
1011,Waermflasche_76,/aisscv/preprocessing/data/Waermflasche_76.jpg,/aisscv/preprocessing/data/Waermflasche_76.txt,False,Waermflasche
1012,Lernzentrum_65,/aisscv/preprocessing/data/Lernzentrum_65.jpg,/aisscv/preprocessing/data/Lernzentrum_65.txt,False,Lernzentrum
1013,Lernzentrum_42,/aisscv/preprocessing/data/Lernzentrum_42.jpg,/aisscv/preprocessing/data/Lernzentrum_42.txt,False,Lernzentrum
1014,Soldat_25,/aisscv/preprocessing/data/Soldat_25.jpg,/aisscv/preprocessing/data/Soldat_25.txt,False,Soldat
1015,Gruenderschmiede_41,/aisscv/preprocessing/data/Gruenderschmiede_41.jpg,/aisscv/preprocessing/data/Gruenderschmiede_41.txt,False,Gruenderschmiede
1016,Mathebau_13,/aisscv/preprocessing/data/Mathebau_13.jpg,/aisscv/preprocessing/data/Mathebau_13.txt,False,Mathebau
1017,Mathebau_51,/aisscv/preprocessing/data/Mathebau_51.jpg,/aisscv/preprocessing/data/Mathebau_51.txt,False,Mathebau
1018,Kopf_6,/aisscv/preprocessing/data/Kopf_6.jpg,/aisscv/preprocessing/data/Kopf_6.txt,False,Kopf
1019,Mensa_79,/aisscv/preprocessing/data/Mensa_79.jpg,/aisscv/preprocessing/data/Mensa_79.txt,False,Mensa
1020,Lernzentrum_32,/aisscv/preprocessing/data/Lernzentrum_32.jpg,/aisscv/preprocessing/data/Lernzentrum_32.txt,False,Lernzentrum
1021,Gruenderschmiede_23,/aisscv/preprocessing/data/Gruenderschmiede_23.jpg,/aisscv/preprocessing/data/Gruenderschmiede_23.txt,False,Gruenderschmiede
1022,No_Label_4,/aisscv/preprocessing/data/No_Label_4.jpg,/aisscv/preprocessing/data/No_Label_4.txt,False,No_Label
1023,Kopf_78,/aisscv/preprocessing/data/Kopf_78.jpg,/aisscv/preprocessing/data/Kopf_78.txt,False,Kopf
1024,No_Label_11,/aisscv/preprocessing/data/No_Label_11.jpg,/aisscv/preprocessing/data/No_Label_11.txt,False,No_Label
1025,Kolben_52,/aisscv/preprocessing/data/Kolben_52.jpg,/aisscv/preprocessing/data/Kolben_52.txt,False,Kolben
1026,Gruenderschmiede_2,/aisscv/preprocessing/data/Gruenderschmiede_2.jpg,/aisscv/preprocessing/data/Gruenderschmiede_2.txt,False,Gruenderschmiede
1027,Haber_Bosch_49,/aisscv/preprocessing/data/Haber_Bosch_49.jpg,/aisscv/preprocessing/data/Haber_Bosch_49.txt,False,Haber_Bosch
1028,Audimax_50,/aisscv/preprocessing/data/Audimax_50.jpg,/aisscv/preprocessing/data/Audimax_50.txt,False,Audimax
1029,Haber_Bosch_3,/aisscv/preprocessing/data/Haber_Bosch_3.jpg,/aisscv/preprocessing/data/Haber_Bosch_3.txt,False,Haber_Bosch
1030,Kopf_17,/aisscv/preprocessing/data/Kopf_17.jpg,/aisscv/preprocessing/data/Kopf_17.txt,False,Kopf
1031,Lernzentrum_12,/aisscv/preprocessing/data/Lernzentrum_12.jpg,/aisscv/preprocessing/data/Lernzentrum_12.txt,False,Lernzentrum
1032,Soldat_8,/aisscv/preprocessing/data/Soldat_8.jpg,/aisscv/preprocessing/data/Soldat_8.txt,False,Soldat
1033,Mathebau_35,/aisscv/preprocessing/data/Mathebau_35.jpg,/aisscv/preprocessing/data/Mathebau_35.txt,False,Mathebau
1034,Alte_Bib_93,/aisscv/preprocessing/data/Alte_Bib_93.jpg,/aisscv/preprocessing/data/Alte_Bib_93.txt,False,Alte_Bib
1035,Alte_Bib_51,/aisscv/preprocessing/data/Alte_Bib_51.jpg,/aisscv/preprocessing/data/Alte_Bib_51.txt,False,Alte_Bib
1036,Waermflasche_4,/aisscv/preprocessing/data/Waermflasche_4.jpg,/aisscv/preprocessing/data/Waermflasche_4.txt,False,Waermflasche
1037,Mensa_29,/aisscv/preprocessing/data/Mensa_29.jpg,/aisscv/preprocessing/data/Mensa_29.txt,False,Mensa
1038,Soldat_19,/aisscv/preprocessing/data/Soldat_19.jpg,/aisscv/preprocessing/data/Soldat_19.txt,False,Soldat
1039,No_Label_31,/aisscv/preprocessing/data/No_Label_31.jpg,/aisscv/preprocessing/data/No_Label_31.txt,False,No_Label
1040,Studierendenwerk_21,/aisscv/preprocessing/data/Studierendenwerk_21.jpg,/aisscv/preprocessing/data/Studierendenwerk_21.txt,False,Studierendenwerk
1041,Alte_Bib_67,/aisscv/preprocessing/data/Alte_Bib_67.jpg,/aisscv/preprocessing/data/Alte_Bib_67.txt,False,Alte_Bib
1042,No_Label_16,/aisscv/preprocessing/data/No_Label_16.jpg,/aisscv/preprocessing/data/No_Label_16.txt,False,No_Label
1043,Gruenderschmiede_30,/aisscv/preprocessing/data/Gruenderschmiede_30.jpg,/aisscv/preprocessing/data/Gruenderschmiede_30.txt,False,Gruenderschmiede
1044,AKK_ASTA_10,/aisscv/preprocessing/data/AKK_ASTA_10.jpg,/aisscv/preprocessing/data/AKK_ASTA_10.txt,False,AKK_ASTA
